0.047396 0.009404 0.025084 0.065944 0.414878 0.437294
0.034373 0.026048 0.072262 0.054337 0.332114 0.480865
0.066423 0.001376 0.059006 0.067507 0.351558 0.454130
0.060002 0.020956 0.059821 0.018730 0.408578 0.431913
0.029619 0.006837 0.023645 0.072813 0.384703 0.482384
0.050303 0.000010 0.098473 0.065678 0.337520 0.448016
0.053240 0.017176 0.000010 0.087363 0.386650 0.455561
0.031398 0.000010 0.016610 0.096370 0.392779 0.462833
0.073467 0.002470 0.040514 0.000010 0.437429 0.446109
0.040847 0.000010 0.032747 0.090541 0.365468 0.470386
0.065025 0.008028 0.021370 0.031397 0.399017 0.475162
0.080992 0.021764 0.000010 0.066574 0.342366 0.488294
0.062607 0.000840 0.005329 0.087638 0.391905 0.451681
0.025329 0.011679 0.055320 0.038574 0.415876 0.453221
0.067990 0.001100 0.000010 0.091679 0.420474 0.418748
0.061307 0.006407 0.015590 0.068932 0.436491 0.411272
0.065484 0.019841 0.041361 0.072767 0.385406 0.415141
0.027007 0.014627 0.000010 0.071858 0.292372 0.594127
0.038697 0.000652 0.057108 0.000010 0.460926 0.442608
0.052039 0.019386 0.008205 0.062424 0.425004 0.432943
0.022579 0.022938 0.046564 0.024638 0.452543 0.430739
0.063980 0.006352 0.028510 0.127755 0.312301 0.461103
0.072865 0.000010 0.020159 0.084690 0.355830 0.466446
0.023859 0.006571 0.028030 0.111611 0.373299 0.456629
0.038872 0.011709 0.020800 0.093345 0.360405 0.474870
0.804008 0.019751 0.000010 0.132730 0.018237 0.025264
0.999950 0.000010 0.000010 0.000010 0.000010 0.000010
0.622283 0.018026 0.075905 0.181185 0.005439 0.097162
0.800808 0.026804 0.048067 0.079095 0.000010 0.045216
0.465463 0.038108 0.150064 0.220810 0.002005 0.123549
0.738986 0.023273 0.039321 0.139949 0.016966 0.041506
0.204947 0.081830 0.237457 0.336808 0.000400 0.138557
0.634793 0.018554 0.067514 0.226489 0.000010 0.052640
0.961556 0.000010 0.000010 0.038404 0.000010 0.000010
0.220902 0.098423 0.245875 0.286576 0.000010 0.148213
0.999950 0.000010 0.000010 0.000010 0.000010 0.000010
0.999950 0.000010 0.000010 0.000010 0.000010 0.000010
0.451098 0.063408 0.165609 0.188883 0.000010 0.130991
0.620725 0.028311 0.132246 0.143069 0.005300 0.070350
0.743855 0.018700 0.089943 0.122481 0.000010 0.025011
0.769779 0.052128 0.015826 0.101688 0.023520 0.037060
0.996553 0.000010 0.000010 0.003407 0.000010 0.000010
0.999950 0.000010 0.000010 0.000010 0.000010 0.000010
0.897885 0.043662 0.008343 0.031998 0.010404 0.007707
0.498564 0.052378 0.093345 0.255679 0.000010 0.100024
0.142037 0.112122 0.260468 0.296963 0.000010 0.188400
0.392498 0.074462 0.164449 0.253863 0.018744 0.095985
0.417409 0.040711 0.139523 0.286137 0.011659 0.104561
0.999950 0.000010 0.000010 0.000010 0.000010 0.000010
0.312188 0.069681 0.207588 0.291182 0.009629 0.109731
0.414588 0.091352 0.135284 0.222797 0.001000 0.134980
0.233336 0.057478 0.251996 0.266739 0.000010 0.190442
0.999950 0.000010 0.000010 0.000010 0.000010 0.000010
0.915158 0.000013 0.000010 0.064839 0.019970 0.000010
0.668128 0.039859 0.012563 0.210903 0.008499 0.060048
0.750104 0.020163 0.076072 0.092875 0.038814 0.021972
0.218862 0.098892 0.227302 0.303687 0.000010 0.151247
0.529724 0.053040 0.094719 0.232339 0.000010 0.090169
0.715584 0.022964 0.089022 0.102266 0.030244 0.039921
0.212331 0.089335 0.238532 0.283719 0.000010 0.176073
0.629793 0.036598 0.079607 0.189717 0.008827 0.055458
0.221916 0.086928 0.247930 0.260842 0.004438 0.177946
0.999950 0.000010 0.000010 0.000010 0.000010 0.000010
0.509770 0.047569 0.119230 0.202333 0.006638 0.114460
0.000010 0.811522 0.000010 0.188438 0.000010 0.000010
0.061011 0.497140 0.047961 0.337389 0.000010 0.056489
0.044772 0.229390 0.141693 0.488845 0.018537 0.076763
0.000010 0.999950 0.000010 0.000010 0.000010 0.000010
0.093436 0.180752 0.094061 0.558057 0.011820 0.061875
0.000010 0.999950 0.000010 0.000010 0.000010 0.000010
0.100934 0.154545 0.247634 0.414475 0.010801 0.071611
0.025654 0.213124 0.139155 0.564241 0.005751 0.052075
0.038003 0.211177 0.110789 0.587010 0.021911 0.031110
0.000010 0.999950 0.000010 0.000010 0.000010 0.000010
0.000010 0.999950 0.000010 0.000010 0.000010 0.000010
0.117116 0.160326 0.122773 0.504940 0.000010 0.094834
0.055847 0.201438 0.116433 0.577917 0.013979 0.034386
0.057835 0.238045 0.064881 0.592768 0.021045 0.025426
0.000010 0.907301 0.000010 0.092659 0.000010 0.000010
0.034772 0.763839 0.000010 0.194047 0.000010 0.007322
0.023456 0.296086 0.156394 0.419903 0.020055 0.084105
0.029892 0.216862 0.082714 0.596173 0.038296 0.036061
0.026778 0.232358 0.090843 0.584408 0.060637 0.004977
0.072528 0.202872 0.103718 0.507533 0.030599 0.082750
0.000010 0.999950 0.000010 0.000010 0.000010 0.000010
0.000010 0.999950 0.000010 0.000010 0.000010 0.000010
0.074761 0.198801 0.141528 0.525485 0.002793 0.056632
0.090607 0.201394 0.097683 0.515859 0.037949 0.056508
0.067997 0.156786 0.171651 0.520276 0.004577 0.078712
0.010488 0.710481 0.001842 0.261588 0.000010 0.015591
0.110934 0.163018 0.163584 0.508027 0.000010 0.054427
0.062536 0.220953 0.091191 0.545270 0.013095 0.066955
0.010836 0.443344 0.112918 0.355323 0.000084 0.077496
0.079607 0.189801 0.114142 0.547364 0.019607 0.049479
0.006639 0.842306 0.000010 0.151019 0.000016 0.000010
0.075963 0.241248 0.121997 0.540035 0.010487 0.010270
0.000010 0.983234 0.000010 0.016726 0.000010 0.000010
0.127380 0.172986 0.130040 0.486859 0.004374 0.078360
0.086720 0.153841 0.185708 0.490247 0.003798 0.079685
0.078325 0.198275 0.090033 0.576102 0.000010 0.057256
0.052004 0.231891 0.129598 0.493867 0.003647 0.088993
0.036532 0.947117 0.000010 0.000010 0.006294 0.010037
0.000010 0.999950 0.000010 0.000010 0.000010 0.000010
0.011220 0.930009 0.039237 0.000010 0.005338 0.014185
0.000010 0.744785 0.000010 0.232511 0.000010 0.022673
0.004978 0.922045 0.021731 0.051226 0.000010 0.000010
0.059529 0.210796 0.279074 0.327167 0.032517 0.090917
0.059111 0.000010 0.000010 0.200378 0.000010 0.740481
0.074339 0.000010 0.000010 0.166001 0.048987 0.710653
0.044127 0.027732 0.005946 0.158903 0.000010 0.763282
0.059889 0.025302 0.000010 0.149863 0.002922 0.762014
0.032856 0.000010 0.000010 0.214022 0.000010 0.753092
0.038688 0.001599 0.000010 0.177938 0.000010 0.781755
0.065454 0.005431 0.000010 0.179335 0.000010 0.749760
0.053956 0.013222 0.000010 0.200067 0.004301 0.728444
0.049597 0.000010 0.000010 0.159466 0.000010 0.790906
0.000010 0.000010 0.000010 0.975798 0.024162 0.000010
0.038341 0.104049 0.138845 0.630519 0.013368 0.074878
0.000010 0.000010 0.000010 0.999950 0.000010 0.000010
0.045355 0.065820 0.078925 0.757775 0.030739 0.021386
0.060584 0.218515 0.163581 0.479094 0.030784 0.047441
0.000010 0.093403 0.119278 0.740714 0.021545 0.025051
0.061674 0.195658 0.186436 0.421814 0.000010 0.134409
0.070750 0.097911 0.036347 0.767439 0.000010 0.027543
0.055891 0.171607 0.202724 0.442244 0.006281 0.121253
0.056738 0.091083 0.127636 0.637649 0.000010 0.086884
0.055663 0.078365 0.143951 0.616358 0.016655 0.089007
0.055461 0.037286 0.070445 0.791490 0.001676 0.043643
0.000010 0.041953 0.017688 0.917999 0.021399 0.000951
0.077501 0.095282 0.098934 0.658392 0.025715 0.044176
0.024756 0.059228 0.112677 0.743554 0.006471 0.053316
0.013672 0.030168 0.061043 0.830571 0.054358 0.010187
0.000010 0.008813 0.000010 0.979786 0.011371 0.000010
0.077013 0.111549 0.155764 0.529491 0.000010 0.126173
0.051213 0.115055 0.178729 0.534487 0.019289 0.101226
0.082383 0.137116 0.137070 0.557544 0.003823 0.082065
0.000010 0.999950 0.000010 0.000010 0.000010 0.000010
0.061841 0.122996 0.197366 0.503173 0.032435 0.082188
0.000010 0.000010 0.000010 0.999950 0.000010 0.000010
0.009800 0.000010 0.000010 0.947080 0.043090 0.000010
0.039029 0.097247 0.068582 0.745066 0.023041 0.027035
0.047666 0.093455 0.096786 0.695493 0.019265 0.047335
0.051452 0.041205 0.035780 0.823723 0.029599 0.018239
0.033190 0.050348 0.095376 0.744639 0.024807 0.051638
0.049750 0.090662 0.000010 0.826558 0.000010 0.033010
0.000010 0.000010 0.000010 0.999950 0.000010 0.000010
0.000010 0.000010 0.000010 0.999950 0.000010 0.000010
0.058240 0.100180 0.116044 0.625420 0.042226 0.057891
0.028004 0.041656 0.044539 0.835891 0.000010 0.049899
0.083769 0.113074 0.192021 0.495715 0.003307 0.112114
0.000010 0.019041 0.000010 0.980812 0.000117 0.000010
0.081508 0.114138 0.133776 0.628676 0.024225 0.017678
0.029235 0.055836 0.056042 0.798309 0.010864 0.049714
0.084023 0.136445 0.186183 0.448202 0.008134 0.137013
0.089859 0.123823 0.192636 0.484000 0.010850 0.098831
0.010560 0.017001 0.064796 0.000010 0.473035 0.434599
0.047825 0.000010 0.000010 0.060605 0.525875 0.365676
0.057693 0.000010 0.009252 0.024173 0.509758 0.399114
0.046579 0.000010 0.057171 0.024974 0.452830 0.418436
0.052412 0.005895 0.014746 0.000010 0.515669 0.411268
0.078784 0.008136 0.002922 0.000924 0.494452 0.414783
0.056535 0.016177 0.000900 0.000010 0.505022 0.421356
0.037920 0.013390 0.051325 0.000010 0.499192 0.398164
0.037596 0.000010 0.036445 0.021731 0.478221 0.425997
0.057463 0.008079 0.000010 0.016706 0.505237 0.412506
0.046854 0.014350 0.015527 0.000010 0.525797 0.397463
0.058338 0.000010 0.009665 0.000943 0.515008 0.416036
0.043219 0.010150 0.007719 0.023477 0.486067 0.429369
0.034213 0.000010 0.058496 0.038726 0.721470 0.147085
0.025249 0.005347 0.052539 0.073206 0.694729 0.148931
0.003332 0.023521 0.054110 0.060997 0.737924 0.120116
0.016558 0.000010 0.062290 0.030988 0.741189 0.148966
0.012767 0.000010 0.039643 0.090437 0.684005 0.173137
0.021763 0.025592 0.012169 0.076997 0.704206 0.159272
0.044292 0.019997 0.036961 0.038336 0.678001 0.182413
0.059009 0.024179 0.025134 0.046999 0.711715 0.132964
0.016448 0.000010 0.040127 0.046943 0.695036 0.201437
0.037508 0.019151 0.066909 0.022371 0.710632 0.143429
0.041805 0.006417 0.023424 0.050443 0.747820 0.130092
0.047483 0.017018 0.086236 0.020833 0.713701 0.114730
0.020101 0.015487 0.101558 0.030516 0.702541 0.129796
0.000010 0.015093 0.056677 0.061493 0.727827 0.138900
0.039507 0.023208 0.059804 0.049055 0.714738 0.113688
0.019560 0.024472 0.059633 0.050867 0.699882 0.145586
0.017553 0.009446 0.114886 0.023697 0.732395 0.102022
0.033928 0.012390 0.059253 0.064034 0.674762 0.155632
0.033416 0.017257 0.039077 0.036097 0.687149 0.187002
0.013917 0.021595 0.046160 0.051355 0.726608 0.140366
0.038780 0.013193 0.066174 0.034866 0.697529 0.149457
0.024936 0.018942 0.041668 0.049178 0.711096 0.154180
0.034245 0.000010 0.000010 0.203803 0.000010 0.761923
0.041299 0.000010 0.000010 0.198326 0.000010 0.760345
0.045076 0.000010 0.000010 0.162908 0.000010 0.791986
0.013881 0.002477 0.000010 0.201983 0.000010 0.781639
0.026909 0.009976 0.000010 0.175642 0.000010 0.787454
0.063385 0.010890 0.000010 0.188079 0.000010 0.737625
0.084428 0.007613 0.000010 0.194538 0.000010 0.713401
0.045883 0.000010 0.000010 0.162957 0.000010 0.791129
0.032307 0.007304 0.000010 0.195277 0.000010 0.765091
0.045992 0.000010 0.000010 0.227340 0.000010 0.726637
0.090080 0.011571 0.000010 0.171033 0.000010 0.727295
0.051854 0.000010 0.000010 0.187180 0.000010 0.760936
0.045403 0.000010 0.000010 0.201405 0.000010 0.753162
0.028927 0.000473 0.000010 0.221101 0.000010 0.749480
0.049113 0.006198 0.000010 0.196375 0.000010 0.748294
0.017211 0.000010 0.000010 0.210489 0.017401 0.754879
0.059746 0.000010 0.003410 0.196414 0.022159 0.718262
0.048845 0.000010 0.000010 0.186139 0.000010 0.764986
0.009267 0.019546 0.001328 0.004977 0.192302 0.772579
0.000010 0.026472 0.000425 0.000010 0.225129 0.747954
0.001030 0.010800 0.000010 0.006041 0.218681 0.763438
0.000010 0.000010 0.000010 0.000010 0.205894 0.794066
0.000010 0.021221 0.000010 0.000010 0.224708 0.754041
0.000010 0.005538 0.017048 0.000010 0.222630 0.754764
0.011644 0.012372 0.009869 0.021772 0.206089 0.738254
0.010791 0.009456 0.003701 0.003283 0.212474 0.760296
0.000010 0.010243 0.000010 0.000010 0.254352 0.735376
0.000010 0.007777 0.000010 0.000010 0.238350 0.753843
0.000010 0.001426 0.017009 0.014319 0.238185 0.729050
0.000010 0.005392 0.000010 0.000010 0.195520 0.799058
0.000010 0.000010 0.009888 0.000010 0.233287 0.756795
0.000010 0.022658 0.000010 0.000010 0.220145 0.757167
0.000010 0.025576 0.000010 0.000010 0.203020 0.771374
0.000010 0.000010 0.031545 0.009708 0.177809 0.780917
0.000010 0.000010 0.000010 0.004387 0.210301 0.785282
0.000010 0.013826 0.000010 0.000010 0.214917 0.771226
0.007209 0.003973 0.000010 0.000010 0.207554 0.781244
0.000010 0.000923 0.000010 0.008520 0.194330 0.796207
0.044360 0.000010 0.635118 0.016044 0.192689 0.111779
0.037133 0.008516 0.652240 0.000010 0.175985 0.126115
0.070178 0.009524 0.627304 0.000010 0.139148 0.153836
0.064593 0.025708 0.588546 0.027677 0.201644 0.091833
0.071729 0.000010 0.598563 0.052227 0.142022 0.135449
0.066587 0.020666 0.639137 0.000010 0.162218 0.111382
0.039376 0.024915 0.499889 0.000010 0.300246 0.135564
0.068415 0.000010 0.597661 0.015304 0.214657 0.103953
0.097847 0.008350 0.648793 0.003574 0.131587 0.109849
0.071697 0.009831 0.625957 0.004796 0.177094 0.110624
0.070837 0.012357 0.664589 0.000010 0.152874 0.099332
0.038014 0.000010 0.606422 0.087168 0.153421 0.114965
0.055481 0.000010 0.618622 0.000802 0.163719 0.161365
0.054425 0.030191 0.591341 0.000010 0.152964 0.171069
0.017349 0.021717 0.677753 0.047271 0.168493 0.067417
0.000010 0.002282 0.095558 0.055690 0.846450 0.000010
0.056461 0.007611 0.158314 0.071864 0.335362 0.370388
0.066326 0.005600 0.118149 0.128001 0.372204 0.309721
0.067719 0.020442 0.083666 0.042143 0.449089 0.336941
0.016888 0.000010 0.000010 0.000010 0.744940 0.238141
0.050271 0.067584 0.542944 0.183305 0.104126 0.051770
0.060273 0.035873 0.518583 0.201787 0.127265 0.056219
0.051697 0.186346 0.323632 0.358599 0.038604 0.041121
0.141795 0.134439 0.215651 0.447699 0.025744 0.034672
0.050580 0.142718 0.266267 0.416016 0.005276 0.119143
0.063187 0.000010 0.142066 0.110383 0.365434 0.318921
0.049954 0.019628 0.177714 0.140334 0.331454 0.280915
0.055994 0.011982 0.084833 0.064315 0.469972 0.312904
0.033799 0.008774 0.000010 0.000010 0.718415 0.238992
0.075962 0.047534 0.539767 0.180521 0.136358 0.019858
0.068851 0.050263 0.529010 0.216527 0.118158 0.017192
0.081534 0.038636 0.441596 0.251815 0.000010 0.186409
0.084927 0.064777 0.405387 0.283247 0.103561 0.058102
0.030463 0.497784 0.089977 0.381756 0.000010 0.000010
0.083050 0.104314 0.280931 0.418389 0.028471 0.084846
0.049283 0.009366 0.183548 0.124221 0.321477 0.312105
0.046174 0.040599 0.059876 0.035458 0.537532 0.280362
0.017750 0.000010 0.125500 0.066275 0.487140 0.303325
0.022279 0.002142 0.002621 0.000010 0.757557 0.215391
0.102123 0.068545 0.500780 0.211867 0.111297 0.005388
0.083800 0.085697 0.317928 0.333574 0.052706 0.126295
0.101814 0.113974 0.303439 0.295612 0.034034 0.151127
0.084717 0.292338 0.218617 0.353995 0.000010 0.050324
0.051361 0.094237 0.267727 0.459347 0.007170 0.120159
0.078650 0.009184 0.139374 0.122397 0.331003 0.319393
0.049493 0.017393 0.072616 0.049681 0.495695 0.315122
0.042882 0.006855 0.040058 0.093103 0.511814 0.305288
0.000010 0.033129 0.000010 0.000010 0.731172 0.235669
0.081338 0.115817 0.258956 0.406313 0.027513 0.110064
0.087640 0.109469 0.303117 0.349749 0.012551 0.137475
0.120206 0.088797 0.338012 0.270832 0.077041 0.105111
0.096253 0.098171 0.309662 0.332488 0.003958 0.159468
0.073404 0.128578 0.229870 0.489303 0.004993 0.073851
0.053124 0.010732 0.186732 0.115780 0.297282 0.336350
0.047376 0.005723 0.084523 0.076920 0.508104 0.277354
0.034564 0.016914 0.000010 0.000010 0.741794 0.206707
0.065113 0.019359 0.000010 0.000010 0.718696 0.196813
0.100480 0.047235 0.581197 0.096014 0.094631 0.080443
0.058396 0.180739 0.292843 0.429241 0.038771 0.000010
0.113352 0.091922 0.301058 0.304976 0.000010 0.188681
0.017829 0.485046 0.067617 0.402330 0.000010 0.027169
0.070266 0.119294 0.264569 0.432406 0.035581 0.077885
0.066437 0.014602 0.182357 0.080965 0.347318 0.308322
0.046950 0.001047 0.044258 0.081825 0.510207 0.315713
0.031395 0.005768 0.005374 0.011363 0.694854 0.251245
0.020500 0.000010 0.000168 0.044230 0.715671 0.219422
0.092343 0.047030 0.558326 0.171270 0.114968 0.016063
0.091539 0.100039 0.345447 0.304607 0.009077 0.149291
0.000525 0.522131 0.109375 0.367949 0.000010 0.000010
0.107320 0.234664 0.267768 0.333894 0.010098 0.046257
0.019251 0.150546 0.272296 0.406229 0.039011 0.112667
0.026813 0.046634 0.167697 0.135833 0.318568 0.304456
0.063161 0.000010 0.081737 0.065114 0.513888 0.276091
0.050302 0.000010 0.000010 0.000010 0.761920 0.187748
0.025035 0.059571 0.550700 0.217492 0.135819 0.011383
0.061612 0.171118 0.322378 0.368093 0.054033 0.022766
0.081373 0.101566 0.308926 0.322384 0.034766 0.150985
0.065627 0.093025 0.359044 0.370252 0.070621 0.041432
0.072242 0.006400 0.145814 0.101748 0.357214 0.316583
0.064937 0.026303 0.150028 0.037420 0.432780 0.288531
0.009487 0.016645 0.000010 0.031666 0.704851 0.237341
0.059431 0.194498 0.339641 0.344919 0.053274 0.008237
0.057875 0.140023 0.268222 0.418013 0.003025 0.112841
0.027862 0.453639 0.138650 0.379829 0.000010 0.000010
0.088712 0.146442 0.273179 0.371427 0.029269 0.090971
0.076661 0.108657 0.281487 0.442002 0.012487 0.078706
0.029401 0.010572 0.658778 0.010236 0.180050 0.110963
0.044096 0.017308 0.632741 0.014826 0.203312 0.087717
0.020617 0.004925 0.754350 0.017196 0.034181 0.168731
0.005483 0.011593 0.715364 0.000010 0.193913 0.073637
0.050611 0.000010 0.662468 0.000010 0.197611 0.089290
0.023223 0.011335 0.754606 0.000010 0.046302 0.164524
0.103724 0.055767 0.498094 0.173887 0.000010 0.168518
0.061107 0.017331 0.595416 0.033316 0.233984 0.058846
0.000010 0.022284 0.575513 0.063587 0.338596 0.000010
0.028364 0.012341 0.647819 0.000820 0.204497 0.106159
0.033467 0.023132 0.678004 0.022853 0.203779 0.038766
0.041075 0.012575 0.745955 0.010878 0.000010 0.189506
0.052046 0.022727 0.669035 0.000010 0.179070 0.077111
0.043889 0.022819 0.618625 0.017050 0.213000 0.084618
0.056748 0.000010 0.744997 0.031240 0.058054 0.108951
0.047280 0.000010 0.751781 0.000010 0.084494 0.116424
0.117168 0.028256 0.523338 0.129051 0.029869 0.172318
0.084134 0.000010 0.595099 0.010822 0.254713 0.055223
0.061925 0.013157 0.576030 0.088061 0.205120 0.055707
0.000010 0.028834 0.590602 0.018140 0.362404 0.000010
0.020289 0.017981 0.643562 0.034761 0.274660 0.008747
0.026418 0.028574 0.641870 0.000010 0.184372 0.118755
0.062307 0.019549 0.737256 0.001027 0.000010 0.179852
0.053243 0.009096 0.768969 0.014916 0.000010 0.153766
0.033650 0.003497 0.655269 0.021028 0.214316 0.072240
0.060185 0.007064 0.601225 0.000010 0.236385 0.095130
0.018517 0.000010 0.760745 0.027710 0.040023 0.152995
0.097284 0.016184 0.507871 0.186573 0.020998 0.171089
0.137090 0.050450 0.453459 0.229996 0.004858 0.124147
0.000010 0.024636 0.568700 0.048022 0.358622 0.000010
0.018618 0.002467 0.708852 0.000010 0.161936 0.108117
0.098163 0.011358 0.726410 0.003471 0.000010 0.160588
0.053945 0.023037 0.727793 0.027789 0.011685 0.155751
0.027732 0.001228 0.700810 0.012037 0.182582 0.075611
0.057490 0.015886 0.610325 0.022671 0.203428 0.090200
0.023474 0.020596 0.718956 0.033116 0.056410 0.147448
0.119939 0.068503 0.490891 0.157079 0.010423 0.153165
0.105740 0.036353 0.507526 0.178920 0.013343 0.158117
0.025879 0.016634 0.596688 0.010655 0.258122 0.092022
0.068150 0.024147 0.588141 0.022864 0.222465 0.074232
0.000010 0.029662 0.577729 0.017319 0.375270 0.000010
0.021497 0.010057 0.656393 0.042292 0.183617 0.086144
0.046791 0.008419 0.770678 0.023972 0.000010 0.150130
0.049258 0.010166 0.634882 0.012949 0.194746 0.097999
0.062216 0.008984 0.643963 0.000010 0.209261 0.075566
0.082508 0.006915 0.607330 0.038252 0.218894 0.046101
0.056571 0.000141 0.780166 0.000010 0.018739 0.144373
0.113762 0.027424 0.513384 0.153602 0.048070 0.143758
0.061979 0.028304 0.576545 0.024942 0.226099 0.082132
0.057228 0.009700 0.590697 0.023545 0.230879 0.087952
0.039416 0.024580 0.587665 0.044626 0.207555 0.096158
0.000010 0.000010 0.564187 0.085855 0.349929 0.000010
0.007040 0.000010 0.651879 0.042264 0.194910 0.103898
0.083292 0.000010 0.683736 0.033487 0.013245 0.186229
0.015782 0.003667 0.702464 0.000010 0.180797 0.097281
0.028984 0.000010 0.661211 0.017775 0.192740 0.099280
0.055416 0.005959 0.623975 0.000010 0.241057 0.073583
0.088016 0.003054 0.736890 0.000010 0.044214 0.127816
0.131868 0.023482 0.486527 0.169351 0.037515 0.151258
0.051736 0.014181 0.587966 0.019466 0.273474 0.053177
0.033824 0.000010 0.582837 0.032654 0.265839 0.084836
0.028203 0.000010 0.594874 0.022674 0.266054 0.088185
0.000010 0.027130 0.622791 0.051255 0.298804 0.000010
0.017314 0.000010 0.694092 0.007750 0.171891 0.108943
0.089181 0.000010 0.705925 0.013590 0.018384 0.172911
0.029787 0.011565 0.660332 0.004646 0.207749 0.085922
0.072938 0.025728 0.583604 0.022002 0.226630 0.069099
0.071487 0.018060 0.703136 0.048257 0.004274 0.154786
0.130444 0.053912 0.404581 0.246846 0.000010 0.164206
0.038851 0.024004 0.640150 0.000010 0.219697 0.077287
0.027085 0.004554 0.570761 0.108712 0.118521 0.170367
0.047320 0.027074 0.563845 0.096219 0.219365 0.046177
0.000010 0.039777 0.555206 0.026152 0.368719 0.010137
0.008553 0.000010 0.661190 0.000010 0.182774 0.147462
0.067468 0.006287 0.749600 0.025385 0.025626 0.125634
0.001562 0.011926 0.728099 0.017042 0.141631 0.099740
0.048364 0.004729 0.639711 0.000010 0.216675 0.090511
0.035413 0.000010 0.645501 0.004047 0.189464 0.125565
0.058341 0.018311 0.691582 0.054879 0.030524 0.146363
0.119772 0.045587 0.476836 0.189694 0.002887 0.165224
0.053199 0.010419 0.636409 0.012298 0.228998 0.058677
0.019833 0.000010 0.584570 0.096705 0.236364 0.062518
0.079398 0.008259 0.503612 0.086196 0.240884 0.081652
0.000010 0.015563 0.572685 0.062868 0.345416 0.003459
0.031900 0.011097 0.007065 0.050476 0.693064 0.206398
0.004489 0.023342 0.091542 0.003204 0.650297 0.227126
0.060291 0.000010 0.057124 0.071835 0.539832 0.270908
0.041599 0.008588 0.000010 0.000010 0.735726 0.214067
0.006743 0.000010 0.134144 0.051215 0.663191 0.144697
0.000010 0.026012 0.241636 0.023802 0.708530 0.000010
0.037637 0.018661 0.019203 0.013893 0.658709 0.251897
0.006787 0.020040 0.055626 0.052933 0.591850 0.272765
0.025507 0.000010 0.000010 0.028122 0.737487 0.208864
0.012387 0.000010 0.000010 0.016207 0.766575 0.204811
0.000010 0.014399 0.110866 0.033249 0.671170 0.170306
0.000010 0.034536 0.270110 0.000528 0.694807 0.000010
0.036504 0.003734 0.077672 0.023476 0.634780 0.223834
0.014021 0.018041 0.088589 0.054503 0.607764 0.217081
0.024684 0.009121 0.000830 0.000010 0.739707 0.225647
0.011885 0.026116 0.000010 0.000010 0.779888 0.182091
0.025879 0.013412 0.147318 0.020264 0.677478 0.115649
0.000010 0.033713 0.233319 0.031069 0.701878 0.000010
0.027313 0.004147 0.024708 0.060975 0.673620 0.209236
0.007540 0.031270 0.054777 0.036884 0.631204 0.238325
0.025668 0.000010 0.000010 0.011664 0.725953 0.236695
0.041452 0.016451 0.052100 0.079514 0.703879 0.106604
0.070812 0.001639 0.106431 0.006907 0.681900 0.132311
0.000010 0.009089 0.255593 0.050970 0.684328 0.000010
0.035654 0.000010 0.006888 0.089228 0.675178 0.193041
0.071861 0.000010 0.013184 0.073083 0.630279 0.211583
0.041720 0.004624 0.000010 0.000010 0.721059 0.232576
0.000010 0.016176 0.100297 0.054266 0.681517 0.147734
0.035365 0.015259 0.111503 0.013116 0.659314 0.165443
0.000010 0.022386 0.309461 0.000010 0.668123 0.000010
0.047988 0.009388 0.030902 0.073103 0.614514 0.224105
0.058611 0.016529 0.032640 0.040133 0.644621 0.207466
0.049347 0.000010 0.000010 0.036209 0.706371 0.208052
0.031698 0.034026 0.084140 0.019188 0.724981 0.105966
0.000010 0.022996 0.235872 0.047010 0.694101 0.000010
0.015087 0.011259 0.258627 0.023501 0.691516 0.000010
0.060739 0.000010 0.000010 0.040337 0.671448 0.227455
0.060297 0.009150 0.004958 0.030013 0.612168 0.283414
0.074683 0.013624 0.065411 0.016558 0.567697 0.262027
0.045084 0.013007 0.000010 0.012316 0.696263 0.233319
0.004633 0.000168 0.086542 0.055411 0.694847 0.158400
0.000010 0.017180 0.241833 0.027028 0.713939 0.000010
0.000315 0.033817 0.220585 0.020012 0.719073 0.006198
0.063651 0.010876 0.000010 0.015103 0.647321 0.263039
0.019377 0.014105 0.043171 0.068810 0.659276 0.195261
0.077559 0.018727 0.013251 0.036415 0.612320 0.241727
0.026771 0.008908 0.000010 0.031315 0.731010 0.201986
0.028055 0.000010 0.080680 0.051779 0.695673 0.143804
0.000010 0.003635 0.294588 0.025491 0.676266 0.000010
0.019059 0.490021 0.074189 0.406484 0.004294 0.005952
0.073418 0.020664 0.035264 0.003344 0.514584 0.352727
0.038230 0.002771 0.012845 0.073869 0.546597 0.325688
0.066439 0.000010 0.020251 0.073899 0.539014 0.300387
0.043230 0.000467 0.037798 0.000010 0.544753 0.373741
0.093770 0.025974 0.169742 0.092440 0.222604 0.395469
0.054919 0.000010 0.070800 0.064215 0.482740 0.327316
0.036573 0.001757 0.055264 0.049925 0.513346 0.343136
0.041769 0.000010 0.000010 0.000010 0.557121 0.401080
0.011881 0.007393 0.039669 0.000010 0.543776 0.397271
0.106148 0.020716 0.481874 0.164499 0.000010 0.226753
0.067609 0.013701 0.072988 0.086232 0.486309 0.273161
0.051936 0.017513 0.039043 0.018558 0.542005 0.330945
0.041041 0.013194 0.018669 0.000010 0.514325 0.412761
0.041341 0.006932 0.036796 0.005094 0.530527 0.379309
0.126335 0.016743 0.220243 0.181014 0.160217 0.295447
0.072720 0.009346 0.000159 0.065403 0.513594 0.338779
0.033420 0.010913 0.041796 0.066599 0.518988 0.328284
0.067809 0.000010 0.035107 0.000010 0.529226 0.367838
0.044459 0.000010 0.011710 0.000010 0.557789 0.386021
0.123695 0.056109 0.287582 0.173038 0.070239 0.289338
0.057068 0.007466 0.656696 0.000010 0.195043 0.083718
0.066628 0.009988 0.060411 0.044102 0.463123 0.355748
0.055491 0.000010 0.041449 0.082364 0.496680 0.324007
0.035858 0.008813 0.055792 0.000010 0.535386 0.364141
0.023433 0.001673 0.050027 0.000010 0.534828 0.390029
0.062491 0.024169 0.183719 0.133333 0.251170 0.345118
0.036318 0.015541 0.049306 0.082157 0.495977 0.320700
0.044336 0.000010 0.086815 0.103575 0.478470 0.286793
0.108768 0.011653 0.021761 0.046343 0.491747 0.319729
0.032824 0.003729 0.016958 0.008049 0.544070 0.394370
0.053233 0.010996 0.031864 0.087927 0.539149 0.276832
0.039462 0.014736 0.038271 0.098413 0.475283 0.333836
0.063209 0.022691 0.029138 0.031812 0.545724 0.307427
0.043428 0.000010 0.007514 0.033003 0.571738 0.344307
0.071253 0.000682 0.048431 0.078454 0.479982 0.321198
0.043550 0.003147 0.019876 0.072810 0.535343 0.325275
0.055673 0.000010 0.028346 0.046838 0.567193 0.301941
0.053313 0.007704 0.000010 0.002195 0.579180 0.357598
0.070350 0.024760 0.192679 0.201086 0.198555 0.312571
0.034995 0.000010 0.046864 0.005308 0.502648 0.410175
0.044527 0.000010 0.076403 0.008402 0.495295 0.375363
0.011838 0.019591 0.044962 0.000010 0.512682 0.410918
0.047234 0.000010 0.059548 0.000010 0.508621 0.384577
0.053042 0.004332 0.037188 0.028280 0.466018 0.411140
0.028485 0.019423 0.025697 0.008171 0.497758 0.420465
0.051908 0.009919 0.054036 0.022457 0.440143 0.421538
0.016693 0.017624 0.069147 0.016865 0.463036 0.416634
0.061157 0.001097 0.043587 0.015472 0.462116 0.416570
0.010594 0.000890 0.083881 0.005484 0.463550 0.435601
0.048342 0.000485 0.060767 0.012427 0.462165 0.415816
0.010926 0.040548 0.076049 0.117752 0.241583 0.513142
0.029167 0.054462 0.024328 0.118385 0.294497 0.479160
0.000010 0.014344 0.035310 0.140752 0.246813 0.562770
0.054935 0.034090 0.044231 0.105533 0.217797 0.543413
0.048651 0.035764 0.068050 0.055018 0.268906 0.523612
0.047743 0.016326 0.029001 0.118571 0.268604 0.519754
0.059214 0.063575 0.049989 0.101187 0.238912 0.487124
0.056308 0.052602 0.028138 0.067950 0.270818 0.524183
0.015160 0.033157 0.078892 0.009980 0.266095 0.596715
0.005742 0.023410 0.055257 0.062228 0.278451 0.574912
0.000010 0.024317 0.059626 0.000294 0.277185 0.638569
0.010894 0.000010 0.019438 0.031443 0.256623 0.681593
0.013101 0.015935 0.032002 0.012294 0.277505 0.649163
0.017909 0.046717 0.087868 0.069039 0.239377 0.539089
0.051635 0.029661 0.055616 0.135153 0.238486 0.489447
0.028953 0.020091 0.018946 0.146331 0.265932 0.519747
0.023079 0.017980 0.072361 0.120545 0.260226 0.505808
0.000344 0.010639 0.067948 0.098374 0.302668 0.520028
0.038722 0.003216 0.073856 0.107109 0.274669 0.502429
0.011107 0.023185 0.042234 0.102773 0.249115 0.571586
0.021925 0.023795 0.018933 0.092035 0.298924 0.544388
0.017218 0.000010 0.079469 0.136928 0.254216 0.512159
0.022288 0.018723 0.016790 0.135405 0.263030 0.543763
0.041503 0.003934 0.084660 0.094716 0.258415 0.516772
0.051560 0.006563 0.054358 0.116777 0.275666 0.495076
0.028141 0.023601 0.052652 0.146557 0.232958 0.516092
0.038452 0.026754 0.060620 0.106289 0.264054 0.503830
0.023030 0.020603 0.083647 0.119852 0.220881 0.531986
0.036627 0.020548 0.054024 0.114995 0.244411 0.529396
0.033315 0.011530 0.050880 0.139331 0.228889 0.536056
0.035095 0.041555 0.058267 0.095572 0.216291 0.553221
0.026943 0.030920 0.091478 0.086025 0.256039 0.508596
0.075200 0.031722 0.105470 0.133662 0.188713 0.465234
0.009137 0.000010 0.016585 0.035654 0.795050 0.143565
0.019640 0.033596 0.000010 0.010840 0.689060 0.246855
0.064652 0.034084 0.000010 0.002613 0.711301 0.187341
0.033794 0.004197 0.002380 0.081477 0.734174 0.143977
0.035124 0.000010 0.087935 0.028780 0.446961 0.401190
0.032657 0.000010 0.026266 0.062311 0.740625 0.138131
0.030567 0.000010 0.040438 0.023265 0.451535 0.454184
0.008374 0.029856 0.028889 0.000010 0.757231 0.175640
0.001104 0.032163 0.054773 0.016289 0.766480 0.129191
0.009536 0.035062 0.071026 0.084097 0.256482 0.543796
0.016493 0.015410 0.041016 0.116422 0.260705 0.549953
0.042969 0.018759 0.031016 0.078207 0.237229 0.591819
0.026512 0.023887 0.018257 0.108954 0.278532 0.543859
0.007636 0.003222 0.025906 0.134172 0.273134 0.555931
0.000010 0.007039 0.032739 0.000010 0.240572 0.719630
0.024771 0.014377 0.031904 0.100286 0.239823 0.588839
0.008445 0.016114 0.000010 0.024514 0.245266 0.705651
0.007292 0.009893 0.024182 0.075702 0.228952 0.653979
0.057331 0.012266 0.028289 0.068814 0.257593 0.575706
0.028559 0.033830 0.027328 0.162037 0.240486 0.507759
0.057752 0.017096 0.011678 0.122644 0.302773 0.488056
0.021426 0.016314 0.043670 0.182436 0.249671 0.486482
0.004554 0.035208 0.037662 0.118258 0.316810 0.487508
0.061048 0.023401 0.034807 0.155584 0.262700 0.462459
0.036844 0.018950 0.044399 0.079446 0.275528 0.544833
0.077818 0.016112 0.001304 0.103659 0.247805 0.553302
0.022351 0.009611 0.037391 0.116717 0.240044 0.573886
0.021208 0.023403 0.018441 0.106950 0.307113 0.522886
0.024005 0.000010 0.022593 0.137725 0.254534 0.561134
0.056527 0.000010 0.063013 0.104481 0.278779 0.497190
0.006562 0.033918 0.024120 0.120867 0.252345 0.562189
0.013512 0.012291 0.067904 0.073405 0.225285 0.607603
0.042383 0.048777 0.035603 0.118030 0.235102 0.520105
0.032869 0.029696 0.064277 0.135183 0.238097 0.499877
0.033574 0.000010 0.047792 0.000010 0.489329 0.429285
0.064233 0.041114 0.169351 0.251690 0.154758 0.318853
0.054043 0.047591 0.138671 0.253780 0.138839 0.367075
0.038907 0.012118 0.073394 0.079420 0.443066 0.353094
0.036449 0.010591 0.014572 0.012827 0.541207 0.384354
0.053676 0.000010 0.014469 0.015477 0.557529 0.358838
0.069524 0.043490 0.082295 0.052285 0.446347 0.306059
0.122329 0.000010 0.020332 0.098294 0.443983 0.315051
0.064704 0.045034 0.163906 0.204981 0.141696 0.379679
0.067355 0.000800 0.154865 0.182410 0.228772 0.365798
0.117111 0.023880 0.165785 0.228873 0.131373 0.332978
0.000010 0.000010 0.011300 0.000010 0.209976 0.778694
0.078241 0.029680 0.166049 0.221449 0.139813 0.364768
0.041448 0.000010 0.030386 0.112191 0.447420 0.368545
0.068420 0.000010 0.014609 0.014205 0.519588 0.383168
0.096929 0.018566 0.037687 0.072145 0.488807 0.285866
0.106139 0.054149 0.132803 0.244606 0.109830 0.352472
0.046390 0.011437 0.014280 0.009856 0.515476 0.402562
0.098921 0.035475 0.141747 0.239077 0.129076 0.355704
0.059344 0.034377 0.418195 0.218326 0.103292 0.166466
0.100641 0.062033 0.166660 0.196733 0.133623 0.340310
0.010257 0.010261 0.044273 0.016296 0.518878 0.400035
0.109012 0.037972 0.106658 0.222882 0.154611 0.368865
0.037154 0.017126 0.000010 0.000010 0.534952 0.410748
0.098954 0.000010 0.058364 0.135313 0.417124 0.290235
0.058428 0.002551 0.015189 0.003114 0.544945 0.375773
0.047453 0.023059 0.166322 0.180518 0.222237 0.360412
0.073746 0.039250 0.165717 0.255378 0.110198 0.355711
0.000010 0.003866 0.000010 0.000010 0.223278 0.772826
0.087492 0.013370 0.140531 0.167412 0.277738 0.313458
0.078653 0.010268 0.180355 0.150226 0.238862 0.341636
0.055089 0.000010 0.013259 0.022622 0.552717 0.356303
0.090467 0.025925 0.170848 0.121633 0.228867 0.362260
0.103279 0.015483 0.017322 0.105204 0.451500 0.307212
0.053921 0.000010 0.000010 0.000010 0.524992 0.421057
0.027316 0.000010 0.032549 0.013795 0.266097 0.660233
0.065871 0.010989 0.191861 0.142343 0.229193 0.359742
0.083873 0.030048 0.156376 0.187972 0.158502 0.383229
0.094844 0.017246 0.038536 0.067073 0.457357 0.324945
0.046143 0.026183 0.151545 0.283610 0.116395 0.376124
0.100984 0.033471 0.197392 0.117125 0.192490 0.358537
0.071012 0.024450 0.014996 0.113356 0.455858 0.320329
0.077394 0.041432 0.153848 0.255875 0.103108 0.368343
0.001639 0.008770 0.008682 0.079209 0.255902 0.645797
0.000010 0.005370 0.054938 0.015448 0.220541 0.703693
0.056085 0.036357 0.186010 0.218572 0.155894 0.347082
0.025813 0.042097 0.474464 0.129728 0.192679 0.135219
0.077028 0.035086 0.164784 0.236431 0.131783 0.354888
0.074695 0.027591 0.164650 0.262303 0.130398 0.340362
0.065391 0.003195 0.000010 0.021366 0.559841 0.350196
0.109404 0.037917 0.297368 0.279470 0.000010 0.275831
0.058738 0.000010 0.069901 0.112794 0.394376 0.364181
0.095321 0.020801 0.133249 0.171679 0.249056 0.329895
0.069137 0.010280 0.186089 0.173962 0.211466 0.349066
0.095562 0.014322 0.377832 0.128146 0.178518 0.205621
0.000010 0.007785 0.000010 0.000010 0.219671 0.772514
0.104228 0.012918 0.165602 0.164935 0.195090 0.357227
0.020152 0.012315 0.461005 0.195517 0.199459 0.111552
0.063337 0.012471 0.010277 0.000010 0.550876 0.363029
0.000010 0.014520 0.013447 0.073431 0.247350 0.651242
0.000010 0.018194 0.007430 0.000010 0.207770 0.766585
0.000010 0.000010 0.005376 0.013856 0.183646 0.797102
0.088463 0.000010 0.156220 0.163259 0.234293 0.357755
0.061760 0.030022 0.204111 0.165763 0.224355 0.313989
0.069579 0.044227 0.217955 0.271261 0.101638 0.295339
0.054798 0.016160 0.144263 0.165450 0.241178 0.378151
0.112653 0.037911 0.158038 0.271864 0.077862 0.341672
0.104149 0.004570 0.150599 0.129888 0.245639 0.365156
0.040516 0.034221 0.281284 0.176368 0.286736 0.180875
0.128431 0.052038 0.291562 0.260360 0.000010 0.267599
0.000010 0.004405 0.029864 0.028990 0.283967 0.652765
0.088159 0.031395 0.292848 0.223982 0.067276 0.296339
0.057252 0.051504 0.194096 0.231194 0.130918 0.335036
0.072899 0.056991 0.495250 0.122388 0.090198 0.162274
0.000010 0.013031 0.000010 0.000010 0.194348 0.792590
0.116853 0.063155 0.266156 0.257447 0.011630 0.284759
0.048410 0.042177 0.413777 0.156623 0.188634 0.150378
0.107788 0.003968 0.192089 0.102305 0.225719 0.368131
0.099914 0.010374 0.191994 0.153180 0.220290 0.324248
0.032568 0.005843 0.010270 0.046140 0.242897 0.662282
0.089724 0.057632 0.269431 0.309204 0.006315 0.267695
0.109519 0.097218 0.270401 0.338478 0.000010 0.184374
0.081856 0.028793 0.451071 0.234350 0.097758 0.106172
0.118986 0.008051 0.126358 0.201574 0.206024 0.339007
0.000010 0.018920 0.057661 0.000010 0.221679 0.701720
0.111995 0.030023 0.525258 0.142665 0.000010 0.190050
0.000010 0.000010 0.000285 0.000010 0.213740 0.785945
0.035932 0.042794 0.380912 0.206775 0.215319 0.118268
0.070956 0.005199 0.475357 0.147775 0.117257 0.183456
0.124408 0.008530 0.475534 0.184698 0.000010 0.206820
0.093186 0.033609 0.143454 0.132985 0.209682 0.387083
0.077944 0.000010 0.183292 0.173878 0.225026 0.339851
0.104982 0.079195 0.261180 0.249687 0.000010 0.304946
0.087644 0.048391 0.180934 0.248892 0.091251 0.342889
0.093708 0.014531 0.508233 0.169781 0.000010 0.213737
0.000010 0.000010 0.000010 0.000010 0.203807 0.796153
0.078212 0.065653 0.303864 0.337548 0.000010 0.214713
0.061492 0.047140 0.472322 0.142666 0.152948 0.123433
0.066682 0.037102 0.492614 0.148784 0.074253 0.180565
0.089164 0.000225 0.158681 0.136688 0.241773 0.373469
0.125620 0.087869 0.292630 0.319745 0.000010 0.174126
0.021973 0.033243 0.449451 0.157221 0.222099 0.116012
0.000010 0.010231 0.000010 0.000010 0.195870 0.793869
0.080549 0.056738 0.436326 0.176206 0.104572 0.145609
0.032369 0.009076 0.454074 0.207666 0.220503 0.076312
0.058775 0.025434 0.217726 0.124727 0.353855 0.219483
0.049107 0.036438 0.415388 0.197837 0.184408 0.116823
0.083740 0.023663 0.425094 0.171357 0.118661 0.177485
0.104826 0.029065 0.368759 0.136510 0.187129 0.173712
0.036287 0.040532 0.453773 0.155577 0.227082 0.086750
0.069004 0.020026 0.507597 0.166437 0.146366 0.090569
0.072192 0.014505 0.236764 0.182613 0.251496 0.242430
0.108254 0.084154 0.310689 0.314160 0.001234 0.181509
0.060992 0.034678 0.538048 0.201727 0.088220 0.076336
0.109649 0.000010 0.519054 0.164401 0.000010 0.206876
0.049648 0.034960 0.436886 0.190615 0.180893 0.106998
0.085275 0.043356 0.484687 0.227956 0.091659 0.067067
0.069101 0.022660 0.454344 0.113710 0.242240 0.097944
0.049539 0.037766 0.500567 0.184446 0.158753 0.068929
0.046811 0.044111 0.506728 0.153355 0.113356 0.135638
0.112669 0.006202 0.533364 0.159542 0.000010 0.188213
0.063018 0.021368 0.365368 0.184883 0.201451 0.163911
0.075012 0.041001 0.438746 0.209850 0.092584 0.142806
0.056523 0.017139 0.449183 0.162605 0.145122 0.169427
0.093245 0.008322 0.152736 0.114507 0.312315 0.318876
0.093273 0.073555 0.405442 0.207493 0.100921 0.119316
0.079425 0.000010 0.538269 0.147566 0.000010 0.234720
0.064404 0.042587 0.478732 0.169062 0.094751 0.150464
0.079344 0.042681 0.457977 0.199529 0.119505 0.100964
0.128520 0.012331 0.522790 0.152918 0.000010 0.183430
0.055761 0.035639 0.338045 0.185854 0.208362 0.176339
0.113187 0.030399 0.452933 0.173457 0.069539 0.160484
0.092063 0.038572 0.531907 0.135658 0.011246 0.190553
0.080873 0.064032 0.369332 0.244136 0.079743 0.161884
0.049499 0.019574 0.476732 0.197037 0.195759 0.061400
0.016742 0.037356 0.463938 0.158060 0.209693 0.114211
0.085969 0.026240 0.394539 0.154741 0.206910 0.131600
0.058504 0.053614 0.511193 0.142418 0.055803 0.178469
0.041680 0.068533 0.511717 0.138234 0.163830 0.076005
0.116979 0.000010 0.554185 0.119160 0.000010 0.209655
0.054936 0.053377 0.492197 0.154670 0.124219 0.120601
0.046869 0.046520 0.432487 0.216566 0.127168 0.130391
0.042382 0.000010 0.043031 0.000010 0.431581 0.482986
0.055276 0.034750 0.021596 0.007710 0.431907 0.448761
0.056036 0.008557 0.076871 0.146189 0.309407 0.402941
0.022913 0.010167 0.032848 0.038141 0.445004 0.450927
0.021209 0.008830 0.038138 0.026744 0.478522 0.426556
0.047794 0.013486 0.000010 0.078231 0.455397 0.405081
0.070759 0.000559 0.070785 0.026206 0.422019 0.409672
0.028592 0.030178 0.024917 0.104529 0.377310 0.434472
0.050054 0.008425 0.025242 0.000010 0.487246 0.429023
0.012585 0.018497 0.036229 0.057965 0.407259 0.467464
0.075525 0.010586 0.023481 0.065327 0.367662 0.457419
0.035407 0.007764 0.046116 0.091933 0.367412 0.451369
0.028778 0.000010 0.056713 0.000010 0.478466 0.436022
0.009482 0.019915 0.039716 0.020940 0.423931 0.486017
0.042625 0.000010 0.019646 0.019010 0.462868 0.455841
0.060190 0.021739 0.032270 0.082628 0.359023 0.444150
0.043898 0.025051 0.033330 0.118052 0.366763 0.412906
0.045087 0.025980 0.034867 0.067048 0.364337 0.462682
0.059796 0.016592 0.030394 0.076228 0.424626 0.392365
0.018636 0.000010 0.041370 0.031890 0.480731 0.427363
0.012188 0.001150 0.028510 0.035186 0.482675 0.440291
0.052293 0.008734 0.000010 0.023207 0.474177 0.441580
0.058810 0.012571 0.062983 0.034558 0.406486 0.424592
0.028689 0.018301 0.036197 0.108973 0.424102 0.383739
0.026910 0.015311 0.069831 0.051287 0.433803 0.402857
0.020324 0.025906 0.054826 0.098739 0.391421 0.408784
0.050954 0.014560 0.063824 0.036036 0.397234 0.437392
0.016696 0.015709 0.075419 0.064580 0.392395 0.435200
0.067432 0.032159 0.009646 0.033566 0.401483 0.455714
0.099838 0.013762 0.618733 0.191822 0.075836 0.000010
0.056959 0.039108 0.572632 0.216234 0.104732 0.010335
0.078774 0.037130 0.588606 0.173754 0.121727 0.000010
0.112348 0.003553 0.642529 0.152125 0.089436 0.000010
