0.228796 0.172058 0.599146
0.206721 0.224654 0.568624
0.226631 0.208689 0.564680
0.246296 0.170167 0.583538
0.200756 0.186295 0.612949
0.245141 0.211761 0.543097
0.197933 0.203074 0.598993
0.212216 0.184106 0.603678
0.243961 0.137460 0.618580
0.210390 0.199167 0.590443
0.209410 0.171876 0.618714
0.176288 0.229420 0.594292
0.211911 0.190138 0.597951
0.237169 0.161002 0.601829
0.228229 0.179358 0.592413
0.244236 0.161370 0.594394
0.236519 0.204016 0.559465
0.113559 0.241688 0.644753
0.260118 0.112977 0.626905
0.222984 0.172792 0.604223
0.248553 0.137240 0.614208
0.193840 0.256284 0.549876
0.204654 0.211137 0.584209
0.207295 0.207402 0.585304
0.195583 0.211543 0.592874
0.317055 0.628506 0.054439
0.306346 0.658753 0.034901
0.312750 0.610830 0.076421
0.324543 0.645645 0.029812
0.314424 0.604355 0.081222
0.322775 0.620576 0.056650
0.322974 0.603678 0.073348
0.313314 0.638061 0.048626
0.318635 0.653347 0.028019
0.315125 0.609561 0.075315
0.310301 0.669388 0.020310
0.375173 0.624817 0.000010
0.315147 0.604007 0.080847
0.342415 0.606780 0.050805
0.342436 0.633208 0.024357
0.311137 0.624745 0.064118
0.335714 0.654052 0.010234
0.321190 0.630900 0.047909
0.332120 0.628551 0.039329
0.287493 0.644613 0.067895
0.286219 0.631742 0.082039
0.323441 0.608988 0.067571
0.319977 0.604238 0.075785
0.333254 0.639925 0.026821
0.332674 0.602580 0.064746
0.283186 0.624720 0.092094
0.317593 0.575875 0.106531
0.312495 0.665597 0.021907
0.329708 0.612337 0.057955
0.288322 0.645419 0.066259
0.351906 0.600030 0.048065
0.305336 0.612321 0.082343
0.300423 0.638206 0.061371
0.346816 0.598109 0.055075
0.297103 0.615764 0.087132
0.316133 0.631055 0.052812
0.312673 0.585502 0.101825
0.312433 0.655227 0.032340
0.310887 0.607724 0.081389
0.051005 0.948985 0.000010
0.132404 0.843607 0.023989
0.252601 0.696066 0.051333
0.000010 0.999980 0.000010
0.249286 0.705582 0.045132
0.000010 0.999980 0.000010
0.328129 0.645223 0.026647
0.261222 0.712131 0.026647
0.259505 0.711684 0.028811
0.000010 0.999298 0.000692
0.000010 0.999980 0.000010
0.252043 0.698718 0.049240
0.260908 0.713613 0.025479
0.232467 0.733708 0.033825
0.027660 0.972330 0.000010
0.054485 0.945505 0.000010
0.235638 0.708742 0.055620
0.246875 0.705361 0.047764
0.271300 0.693281 0.035419
0.245032 0.684179 0.070789
0.000010 0.999980 0.000010
0.000010 0.999980 0.000010
0.266290 0.704536 0.029174
0.256833 0.684205 0.058962
0.283885 0.673792 0.042324
0.077950 0.907860 0.014190
0.287670 0.690127 0.022203
0.235714 0.714520 0.049767
0.173763 0.787293 0.038944
0.259912 0.697812 0.042276
0.055408 0.944067 0.000525
0.266792 0.728663 0.004545
0.006286 0.989189 0.004525
0.263222 0.689212 0.047566
0.291989 0.669060 0.038951
0.236065 0.727060 0.036875
0.232897 0.712293 0.054810
0.029830 0.947633 0.022537
0.000010 0.999980 0.000010
0.061825 0.933871 0.004304
0.056447 0.924083 0.019469
0.040914 0.959076 0.000010
0.323169 0.629600 0.047231
0.000010 0.445833 0.554157
0.000010 0.413291 0.586699
0.000010 0.454448 0.545542
0.000010 0.438442 0.561548
0.000010 0.450681 0.549309
0.000010 0.427916 0.572074
0.000010 0.455996 0.543994
0.000010 0.453169 0.546821
0.000010 0.428163 0.571827
0.268583 0.675290 0.056127
0.278296 0.664201 0.057503
0.271436 0.687463 0.041101
0.293437 0.664716 0.041847
0.281361 0.682052 0.036587
0.294242 0.676473 0.029285
0.251614 0.678441 0.069946
0.250390 0.715936 0.033674
0.279346 0.655203 0.065451
0.273397 0.678046 0.048556
0.290515 0.643593 0.065892
0.283722 0.674773 0.041504
0.273299 0.687100 0.039601
0.286282 0.666883 0.046835
0.294888 0.665765 0.039347
0.297015 0.650233 0.052752
0.254321 0.690521 0.055157
0.260095 0.672349 0.067556
0.292136 0.639873 0.067991
0.274026 0.676121 0.049853
0.001087 0.970166 0.028748
0.315292 0.627051 0.057657
0.283890 0.690764 0.025346
0.281426 0.665483 0.053091
0.274668 0.684470 0.040862
0.277671 0.676799 0.045530
0.276324 0.675347 0.048329
0.285296 0.655967 0.058737
0.232987 0.728607 0.038406
0.256693 0.704740 0.038567
0.254583 0.699156 0.046261
0.293488 0.644849 0.061663
0.256872 0.690345 0.052783
0.291381 0.648117 0.060502
0.250498 0.707009 0.042493
0.306675 0.672521 0.020803
0.267157 0.680645 0.052198
0.279491 0.639905 0.080604
0.296418 0.645248 0.058334
0.268302 0.109572 0.622126
0.280904 0.099078 0.620018
0.272779 0.094225 0.632995
0.269866 0.125973 0.604161
0.266888 0.087775 0.645337
0.256087 0.111031 0.632882
0.253012 0.098915 0.648073
0.282976 0.099733 0.617291
0.264356 0.105461 0.630183
0.253369 0.105098 0.641532
0.273496 0.085429 0.641075
0.263438 0.086644 0.649917
0.246175 0.115495 0.638330
0.450484 0.000010 0.549506
0.442519 0.012216 0.545265
0.458165 0.000010 0.541825
0.447330 0.000010 0.552660
0.420723 0.019384 0.559893
0.415716 0.019955 0.564329
0.410871 0.026281 0.562848
0.435420 0.016305 0.548275
0.418324 0.000010 0.581666
0.453939 0.000010 0.546051
0.443312 0.000010 0.556678
0.477777 0.000010 0.522213
0.476424 0.000010 0.523566
0.447562 0.000010 0.552428
0.460371 0.011967 0.527661
0.441213 0.014090 0.544697
0.495202 0.000010 0.504788
0.435173 0.030039 0.534788
0.412955 0.014874 0.572171
0.443794 0.000010 0.556196
0.447000 0.006825 0.546176
0.435187 0.006385 0.558429
0.000010 0.448463 0.551527
0.000010 0.438959 0.561031
0.000010 0.447210 0.552780
0.000010 0.436918 0.563072
0.000010 0.446767 0.553223
0.000010 0.465059 0.534931
0.000010 0.473805 0.526185
0.000010 0.431908 0.568082
0.000010 0.452834 0.547156
0.000010 0.463459 0.536531
0.000010 0.468137 0.531853
0.000010 0.451292 0.548698
0.000010 0.447135 0.552855
0.000010 0.463362 0.536628
0.000010 0.457843 0.542147
0.000010 0.428404 0.571586
0.000374 0.439008 0.560618
0.000010 0.429832 0.570158
0.013628 0.273582 0.712790
0.030674 0.250128 0.719198
0.023568 0.249136 0.727296
0.000153 0.225254 0.774594
0.028156 0.247937 0.723907
0.038083 0.241413 0.720504
0.036114 0.267630 0.696255
0.030616 0.253540 0.715845
0.042473 0.225205 0.732323
0.034132 0.227518 0.738350
0.056369 0.238890 0.704741
0.003116 0.252300 0.744584
0.044342 0.223403 0.732255
0.027789 0.244797 0.727414
0.000010 0.251236 0.748754
0.031292 0.259414 0.709294
0.013898 0.249896 0.736206
0.011184 0.238551 0.750265
0.019563 0.248310 0.732126
0.005100 0.254932 0.739968
0.614235 0.285820 0.099945
0.604076 0.298226 0.097697
0.573292 0.326492 0.100216
0.588620 0.312108 0.099272
0.567318 0.339395 0.093288
0.594826 0.324387 0.080786
0.555216 0.234985 0.209799
0.603168 0.281882 0.114951
0.598916 0.342360 0.058724
0.592712 0.307752 0.099536
0.616788 0.322190 0.061022
0.585725 0.327342 0.086933
0.576385 0.298334 0.125281
0.538563 0.334354 0.127084
0.635251 0.321818 0.042931
0.549108 0.000010 0.450882
0.298116 0.229544 0.472340
0.312889 0.229709 0.457402
0.304517 0.162624 0.532859
0.347990 0.000010 0.652000
0.536294 0.446281 0.017424
0.535230 0.425058 0.039712
0.369298 0.623549 0.007153
0.327515 0.654603 0.017882
0.313450 0.632044 0.054506
0.323692 0.220612 0.455697
0.339844 0.261583 0.398573
0.319988 0.152527 0.527485
0.353486 0.000010 0.646504
0.562281 0.422399 0.015320
0.552071 0.445020 0.002909
0.401196 0.533323 0.065481
0.466189 0.487489 0.046322
0.151846 0.848144 0.000010
0.353097 0.603328 0.043575
0.329579 0.255633 0.414787
0.334369 0.118561 0.547070
0.353811 0.122667 0.523521
0.376529 0.000010 0.623461
0.532396 0.467594 0.000010
0.369273 0.547095 0.083632
0.339368 0.571185 0.089447
0.275868 0.719900 0.004232
0.321518 0.620342 0.058140
0.309547 0.255849 0.434604
0.322431 0.132861 0.544708
0.315177 0.131838 0.552985
0.354942 0.000010 0.645048
0.324889 0.609989 0.065122
0.334914 0.597389 0.067697
0.397091 0.523842 0.079066
0.340642 0.584487 0.074871
0.314689 0.655925 0.029386
0.314647 0.269221 0.416132
0.347374 0.127109 0.525517
0.354786 0.000010 0.645204
0.360277 0.000010 0.639713
0.545315 0.428452 0.026233
0.368947 0.631043 0.000010
0.309367 0.609941 0.080692
0.133436 0.863645 0.002919
0.340419 0.612463 0.047118
0.338459 0.234266 0.427275
0.313604 0.124428 0.561968
0.367176 0.000010 0.632814
0.380131 0.000010 0.619859
0.567127 0.432863 0.000010
0.357497 0.577838 0.064665
0.153847 0.846143 0.000010
0.322250 0.674170 0.003580
0.324326 0.603911 0.071763
0.311880 0.280393 0.407728
0.351218 0.120161 0.528621
0.385445 0.000010 0.614545
0.561813 0.427593 0.010594
0.387791 0.607328 0.004881
0.341708 0.570729 0.087562
0.425081 0.552219 0.022700
0.319878 0.230091 0.450031
0.349011 0.176977 0.474012
0.351165 0.002944 0.645891
0.389034 0.610956 0.000010
0.310714 0.639013 0.050272
0.183722 0.816268 0.000010
0.335740 0.615988 0.048273
0.342932 0.624957 0.032111
0.609285 0.302807 0.087908
0.613904 0.297445 0.088651
0.595728 0.384455 0.019817
0.656914 0.279244 0.063842
0.633274 0.275443 0.091283
0.598204 0.372562 0.029234
0.437869 0.519522 0.042609
0.615514 0.290041 0.094445
0.670755 0.223924 0.105321
0.611819 0.286383 0.101798
0.651730 0.301924 0.046346
0.564461 0.423528 0.012011
0.625239 0.312608 0.062153
0.609061 0.293389 0.097550
0.619044 0.380946 0.000010
0.632580 0.348723 0.018696
0.468192 0.465591 0.066217
0.631462 0.258433 0.110105
0.596180 0.325141 0.078679
0.698585 0.195713 0.105701
0.672456 0.256014 0.071530
0.597065 0.303795 0.099141
0.560719 0.428667 0.010614
0.583329 0.416661 0.000010
0.638244 0.281452 0.080304
0.609015 0.263450 0.127535
0.602265 0.384376 0.013359
0.461697 0.476681 0.061621
0.436582 0.537857 0.025561
0.685455 0.207453 0.107092
0.639110 0.289898 0.070993
0.568599 0.431391 0.000010
0.572008 0.427189 0.000804
0.647718 0.293818 0.058463
0.603640 0.300289 0.096071
0.586654 0.388298 0.025048
0.438456 0.520569 0.040974
0.456021 0.499065 0.044914
0.606658 0.258521 0.134821
0.599774 0.299768 0.100458
0.721174 0.189558 0.089267
0.619296 0.308786 0.071918
0.585197 0.414793 0.000010
0.609874 0.297226 0.092900
0.630963 0.285460 0.083577
0.626777 0.299920 0.073302
0.610404 0.389586 0.000010
0.479181 0.462962 0.057857
0.589773 0.299739 0.110488
0.600618 0.281747 0.117636
0.586117 0.303479 0.110404
0.672570 0.203489 0.123941
0.617749 0.287302 0.094949
0.547472 0.417432 0.035097
0.640539 0.286311 0.073149
0.625456 0.287423 0.087121
0.630645 0.262083 0.107272
0.606022 0.387768 0.006210
0.460279 0.477919 0.061802
0.628425 0.255319 0.116256
0.613119 0.246922 0.139959
0.619042 0.242858 0.138100
0.686725 0.245279 0.067996
0.627386 0.297002 0.075611
0.566103 0.411223 0.022674
0.628651 0.283616 0.087733
0.604485 0.295282 0.100233
0.563039 0.436309 0.000653
0.392044 0.551926 0.056030
0.624910 0.281944 0.093145
0.521217 0.368231 0.110552
0.594299 0.322712 0.082989
0.646663 0.205663 0.147674
0.602612 0.276742 0.120646
0.592975 0.407015 0.000010
0.631215 0.322493 0.046292
0.622195 0.276934 0.100871
0.603130 0.287624 0.109246
0.565296 0.422413 0.012291
0.430975 0.519368 0.049656
0.634843 0.278898 0.086260
0.609107 0.287604 0.103288
0.563849 0.301669 0.134482
0.663240 0.211888 0.124872
0.385377 0.014903 0.599720
0.406020 0.024289 0.569692
0.347610 0.106397 0.545993
0.362297 0.000010 0.637693
0.476115 0.013476 0.510409
0.624620 0.000010 0.375370
0.362302 0.025304 0.612394
0.356126 0.070513 0.573361
0.386444 0.000010 0.613546
0.388939 0.000010 0.611051
0.450446 0.014533 0.535021
0.642727 0.003985 0.353287
0.404412 0.033837 0.561751
0.400297 0.062906 0.536797
0.374757 0.000010 0.625233
0.378285 0.000010 0.621705
0.496619 0.011959 0.491422
0.640324 0.011415 0.348260
0.389588 0.024946 0.585466
0.372194 0.051230 0.576576
0.372570 0.000010 0.627420
0.455320 0.024828 0.519852
0.472734 0.010560 0.516706
0.609414 0.007987 0.382599
0.394810 0.027422 0.577767
0.378295 0.058021 0.563684
0.363096 0.000010 0.636894
0.454046 0.019772 0.526183
0.447436 0.025921 0.526643
0.654835 0.008404 0.336761
0.371256 0.068518 0.560226
0.385700 0.047940 0.566360
0.374290 0.000010 0.625700
0.470791 0.002054 0.527154
0.631263 0.009468 0.359268
0.624426 0.002883 0.372690
0.366998 0.016353 0.616650
0.335975 0.056557 0.607468
0.366459 0.082495 0.551045
0.368594 0.004729 0.626677
0.455186 0.000010 0.544804
0.617520 0.000010 0.382470
0.587544 0.000010 0.412446
0.352456 0.033994 0.613550
0.401127 0.036631 0.562242
0.352891 0.069757 0.577352
0.377837 0.000010 0.622153
0.456834 0.004904 0.538262
0.650228 0.004920 0.344853
0.150882 0.843599 0.005519
0.291975 0.111744 0.596282
0.304202 0.097558 0.598241
0.321941 0.106505 0.571554
0.309163 0.051504 0.639334
0.261386 0.321447 0.417167
0.318043 0.131989 0.549967
0.306547 0.108926 0.584526
0.252735 0.059454 0.687811
0.287741 0.061392 0.650867
0.406986 0.517195 0.075818
0.337937 0.153305 0.508758
0.312336 0.093474 0.594190
0.266438 0.089379 0.644183
0.287309 0.086331 0.626360
0.307276 0.396834 0.295890
0.284640 0.125592 0.589768
0.305596 0.115284 0.579120
0.302331 0.080960 0.616709
0.289989 0.059855 0.650156
0.304995 0.475588 0.219417
0.628672 0.294149 0.077179
0.294883 0.144531 0.560585
0.309461 0.128580 0.561959
0.310968 0.077123 0.611909
0.299644 0.059939 0.640417
0.294027 0.311026 0.394947
0.307787 0.137001 0.555212
0.341505 0.145546 0.512949
0.300997 0.143118 0.555885
0.280720 0.072391 0.646889
0.329101 0.116891 0.554008
0.291355 0.154868 0.553777
0.317453 0.102385 0.580163
0.306316 0.064262 0.629422
0.307378 0.145175 0.547447
0.304612 0.104264 0.591124
0.333609 0.073327 0.593064
0.290081 0.059417 0.650502
0.292852 0.370807 0.336341
0.277419 0.092793 0.629788
0.309704 0.098543 0.591753
0.274327 0.084893 0.640780
0.301593 0.088666 0.609741
0.262068 0.129858 0.608074
0.254625 0.108141 0.637234
0.259091 0.147387 0.593522
0.268892 0.127868 0.603241
0.261994 0.128901 0.609105
0.275356 0.108575 0.616069
0.269757 0.125743 0.604501
0.165520 0.302500 0.531980
0.161082 0.289047 0.549871
0.129507 0.287638 0.582854
0.129361 0.324069 0.546570
0.164025 0.275397 0.560579
0.150509 0.283199 0.566292
0.150515 0.330919 0.518566
0.137950 0.292334 0.569716
0.144788 0.244749 0.610463
0.145313 0.248989 0.605698
0.123626 0.227898 0.648476
0.083872 0.235376 0.680752
0.105801 0.226001 0.668199
0.156139 0.295166 0.548695
0.163500 0.317037 0.519463
0.142177 0.294023 0.563800
0.173479 0.285892 0.540628
0.180078 0.241883 0.578039
0.186983 0.264450 0.548566
0.126852 0.283122 0.590026
0.142433 0.252001 0.605566
0.178055 0.281442 0.540503
0.132251 0.285945 0.581804
0.183011 0.269455 0.547533
0.178816 0.272013 0.549171
0.151327 0.313802 0.534871
0.168229 0.288606 0.543165
0.160022 0.306762 0.533216
0.150238 0.296126 0.553636
0.145071 0.307286 0.547643
0.129514 0.319335 0.551151
0.177015 0.284583 0.538401
0.185279 0.355681 0.459040
0.429522 0.000010 0.570468
0.358473 0.015281 0.626246
0.393371 0.012020 0.594609
0.429267 0.000477 0.570256
0.289569 0.131288 0.579143
0.436863 0.000010 0.563127
0.250178 0.115386 0.634437
0.409581 0.000010 0.590409
0.445887 0.000010 0.554103
0.152380 0.281161 0.566459
0.141865 0.276392 0.581743
0.113975 0.287382 0.598644
0.137879 0.269657 0.592464
0.143260 0.262267 0.594472
0.067693 0.232087 0.700220
0.118533 0.281576 0.599890
0.051799 0.247518 0.700682
0.081276 0.276851 0.641874
0.126213 0.272659 0.601128
0.146067 0.317386 0.536547
0.168735 0.265780 0.565485
0.164301 0.308961 0.526738
0.172550 0.258099 0.569351
0.174596 0.310308 0.515097
0.151859 0.261223 0.586918
0.121579 0.294055 0.584366
0.127644 0.285592 0.586764
0.152014 0.253977 0.594009
0.132733 0.277515 0.589752
0.186849 0.263420 0.549730
0.120278 0.291702 0.588019
0.123004 0.279359 0.597637
0.135255 0.321777 0.542968
0.164820 0.310963 0.524216
0.268819 0.097512 0.633668
0.262724 0.421441 0.315835
0.219388 0.433290 0.347322
0.293520 0.163997 0.542484
0.281471 0.079492 0.639038
0.301903 0.066571 0.631526
0.310921 0.181963 0.507116
0.290535 0.180734 0.528731
0.232625 0.413799 0.353576
0.266459 0.329166 0.404375
0.253402 0.431902 0.314696
0.033991 0.226169 0.739839
0.240468 0.417836 0.341697
0.268665 0.163423 0.567912
0.286789 0.087669 0.625542
0.315225 0.155240 0.529535
0.215735 0.464344 0.319922
0.268478 0.096054 0.635468
0.231104 0.433350 0.335546
0.436888 0.438901 0.124211
0.242209 0.437252 0.320539
0.281048 0.087558 0.631394
0.211680 0.422096 0.366224
0.256209 0.080198 0.663593
0.312331 0.204482 0.483187
0.287317 0.076102 0.636581
0.268012 0.340111 0.391877
0.235616 0.447232 0.317153
0.017003 0.237483 0.745514
0.296357 0.308264 0.395379
0.292350 0.321768 0.385882
0.299754 0.073326 0.626921
0.272281 0.330862 0.396858
0.285957 0.188347 0.525696
0.257804 0.078320 0.663876
0.100550 0.223755 0.675695
0.287327 0.321188 0.391485
0.236599 0.394250 0.369151
0.293125 0.168040 0.538835
0.222305 0.438856 0.338839
0.275155 0.358899 0.365946
0.274927 0.184517 0.540556
0.220476 0.455959 0.323565
0.081979 0.258157 0.659864
0.078299 0.249263 0.672437
0.261639 0.402949 0.335412
0.500409 0.354532 0.145059
0.241460 0.427643 0.330897
0.248974 0.433625 0.317402
0.295758 0.075563 0.628679
0.293248 0.557416 0.149336
0.275451 0.200622 0.523927
0.271910 0.335206 0.392884
0.285492 0.340627 0.373881
0.431866 0.359566 0.208568
0.020568 0.238888 0.740543
0.268120 0.358823 0.373057
0.512976 0.351998 0.135027
0.290419 0.077045 0.632536
0.080203 0.262967 0.656830
0.026962 0.248226 0.724812
0.006013 0.264898 0.729089
0.277929 0.320802 0.401269
0.304414 0.345399 0.350187
0.281891 0.461944 0.256165
0.259846 0.319404 0.420750
0.228743 0.483726 0.287530
0.273823 0.312351 0.413826
0.413780 0.311332 0.274889
0.294143 0.551447 0.154410
0.101548 0.219710 0.678743
0.310911 0.466617 0.222472
0.257826 0.433469 0.308705
0.465852 0.437211 0.096938
0.000010 0.248974 0.751016
0.275217 0.542788 0.181995
0.465721 0.369195 0.165083
0.286503 0.317723 0.395775
0.304111 0.338523 0.357366
0.079902 0.256593 0.663506
0.282704 0.549923 0.167373
0.291690 0.630021 0.078289
0.477359 0.451862 0.070779
0.257989 0.366703 0.375308
0.076295 0.252601 0.671104
0.441257 0.521721 0.037022
0.023016 0.234929 0.742055
0.467108 0.368286 0.164606
0.472720 0.391517 0.135764
0.414922 0.529516 0.055563
0.244371 0.348823 0.406806
0.295472 0.329174 0.375354
0.260947 0.550113 0.188940
0.236503 0.471410 0.292087
0.433225 0.494557 0.072218
0.014220 0.244264 0.741516
0.308400 0.591414 0.100187
0.492975 0.395033 0.111992
0.461079 0.437632 0.101289
0.273956 0.311375 0.414670
0.322714 0.594851 0.082435
0.508694 0.337527 0.153780
0.000022 0.259710 0.740268
0.449828 0.444837 0.105334
0.531324 0.343117 0.125558
0.392760 0.250307 0.356933
0.478642 0.382797 0.138562
0.447351 0.411859 0.140790
0.439625 0.368067 0.192308
0.524838 0.341740 0.133422
0.529933 0.391364 0.078703
0.365217 0.326418 0.308365
0.330534 0.579022 0.090444
0.524284 0.448363 0.027353
0.453633 0.476488 0.069879
0.493581 0.380740 0.125679
0.501503 0.465078 0.033419
0.529870 0.315741 0.154389
0.535091 0.394661 0.070247
0.491491 0.416937 0.091571
0.462686 0.485317 0.051997
0.443501 0.362975 0.193523
0.448556 0.455043 0.096400
0.467363 0.386106 0.146531
0.310200 0.269436 0.420365
0.441912 0.468733 0.089356
0.432392 0.499137 0.068471
0.469423 0.434675 0.095902
0.486671 0.435564 0.077764
0.454026 0.502424 0.043551
0.424092 0.362534 0.213373
0.449009 0.457507 0.093483
0.453879 0.484224 0.061898
0.398901 0.486958 0.114140
0.543433 0.362982 0.093585
0.509085 0.348562 0.142353
0.474931 0.357391 0.167678
0.460604 0.454293 0.085102
0.530168 0.395238 0.074593
0.451396 0.506825 0.041779
0.494172 0.417412 0.088416
0.461918 0.428521 0.109560
0.232755 0.125519 0.641726
0.222211 0.160903 0.616887
0.238516 0.266109 0.495375
0.233622 0.139772 0.626606
0.256851 0.116187 0.626962
0.242237 0.156546 0.601217
0.268666 0.157824 0.573510
0.214388 0.215714 0.569898
0.258290 0.105074 0.636636
0.215351 0.173257 0.611392
0.209482 0.207823 0.582695
0.221082 0.205428 0.573490
0.269907 0.095545 0.634548
0.218771 0.147087 0.634142
0.235388 0.117876 0.646737
0.211028 0.222685 0.566287
0.226162 0.228265 0.545573
0.207553 0.211477 0.580970
0.251160 0.180233 0.568606
0.262455 0.108192 0.629354
0.248816 0.109216 0.641968
0.232399 0.125764 0.641836
0.251646 0.172533 0.575821
0.255829 0.184247 0.559924
0.268918 0.156366 0.574716
0.243201 0.201731 0.555068
0.240076 0.179893 0.580031
0.244933 0.182770 0.572296
0.206572 0.189181 0.604247
0.581864 0.418126 0.000010
0.561429 0.438561 0.000010
0.589015 0.410975 0.000010
0.601223 0.398767 0.000010
0.594493 0.405497 0.000010
0.578474 0.421516 0.000010
0.571177 0.428813 0.000010
0.589404 0.410586 0.000010
0.592741 0.407249 0.000010
0.575314 0.424676 0.000010
0.253882 0.436147 0.309971
0.267636 0.445874 0.286490
0.229490 0.431455 0.339055
0.259302 0.420253 0.320445
0.522050 0.459917 0.018033
0.526758 0.469426 0.003816
0.507693 0.471440 0.020867
0.519379 0.480611 0.000010
0.535160 0.457828 0.007012
0.510633 0.453112 0.036255
0.525113 0.471239 0.003648
0.506966 0.489360 0.003674
0.535400 0.461656 0.002945
0.543583 0.456407 0.000010
0.537409 0.462581 0.000010
0.532068 0.467922 0.000010
0.575275 0.424715 0.000010
0.553570 0.446420 0.000010
0.528735 0.442839 0.028426
0.520939 0.461465 0.017596
0.535979 0.435335 0.028686
0.526790 0.473200 0.000010
0.510656 0.463382 0.025962
0.550511 0.431234 0.018255
