0.028831 0.463142 0.013328 0.298888 0.076191 0.064125 0.055496
0.017730 0.366826 0.027733 0.361696 0.070855 0.104408 0.050753
0.051029 0.373720 0.002837 0.338169 0.079841 0.085526 0.068879
0.040552 0.452185 0.025065 0.294858 0.029199 0.098858 0.059283
0.014882 0.437313 0.010112 0.347841 0.086496 0.062263 0.041093
0.031363 0.385159 0.000010 0.323670 0.080511 0.137234 0.042054
0.038940 0.441216 0.020662 0.321193 0.103382 0.031419 0.043188
0.014813 0.431235 0.000010 0.333896 0.109023 0.052298 0.058724
0.050405 0.525038 0.011153 0.291780 0.002995 0.103984 0.014643
0.022050 0.419844 0.000010 0.341527 0.106837 0.074547 0.035185
0.048330 0.432855 0.010363 0.345455 0.046719 0.053673 0.062605
0.068198 0.356655 0.023306 0.380014 0.078000 0.027996 0.065833
0.045367 0.440338 0.003568 0.319254 0.100502 0.040946 0.050026
0.004506 0.477454 0.016054 0.305378 0.054164 0.098178 0.044266
0.051327 0.472225 0.004414 0.281790 0.106317 0.028866 0.055060
0.040013 0.498748 0.011519 0.265370 0.079094 0.058123 0.047133
0.049210 0.405869 0.022253 0.296100 0.079633 0.069505 0.077430
0.021501 0.273619 0.014739 0.505870 0.086154 0.014297 0.083818
0.013599 0.517218 0.007442 0.294271 0.000554 0.112057 0.054859
0.030628 0.517083 0.024849 0.277290 0.075556 0.061456 0.013137
0.001275 0.500897 0.028411 0.287730 0.030649 0.089619 0.061418
0.047684 0.344578 0.007847 0.352691 0.141906 0.058793 0.046501
0.058827 0.376500 0.000010 0.352513 0.096981 0.048064 0.067106
0.005585 0.414647 0.009250 0.329449 0.124125 0.062441 0.054504
0.026604 0.369495 0.012833 0.362633 0.104529 0.041869 0.082037
0.794478 0.036124 0.018060 0.010974 0.138045 0.002309 0.000010
0.999940 0.000010 0.000010 0.000010 0.000010 0.000010 0.000010
0.614202 0.000010 0.014518 0.088919 0.186793 0.071029 0.024530
0.795825 0.000010 0.023617 0.039618 0.086528 0.054392 0.000010
0.456987 0.000010 0.035089 0.108502 0.227220 0.136557 0.035635
0.729952 0.020981 0.021429 0.031066 0.143750 0.037578 0.015244
0.188473 0.025584 0.080348 0.109551 0.341274 0.239497 0.015272
0.619941 0.018140 0.017977 0.038012 0.224405 0.081515 0.000010
0.960047 0.000010 0.000010 0.000010 0.039903 0.000010 0.000010
0.205963 0.011063 0.095947 0.125197 0.293133 0.248906 0.019790
0.999940 0.000010 0.000010 0.000010 0.000010 0.000010 0.000010
0.999940 0.000010 0.000010 0.000010 0.000010 0.000010 0.000010
0.436771 0.020588 0.061705 0.109698 0.196476 0.174752 0.000010
0.609183 0.009662 0.026964 0.058083 0.146405 0.133280 0.016423
0.737946 0.000010 0.017090 0.023036 0.123543 0.087239 0.011135
0.771439 0.000010 0.050681 0.035372 0.095722 0.000010 0.046766
0.982007 0.000010 0.000010 0.000010 0.017943 0.000010 0.000010
0.999940 0.000010 0.000010 0.000010 0.000010 0.000010 0.000010
0.888804 0.000010 0.038681 0.002591 0.035676 0.000010 0.034229
0.492093 0.000010 0.048656 0.091899 0.264873 0.085565 0.016905
0.125078 0.000010 0.107695 0.173632 0.313816 0.279759 0.000010
0.377934 0.036999 0.072715 0.071606 0.258700 0.165884 0.016161
0.404791 0.033457 0.039189 0.080619 0.291054 0.137974 0.012916
0.999940 0.000010 0.000010 0.000010 0.000010 0.000010 0.000010
0.298637 0.006464 0.066795 0.093307 0.294590 0.199366 0.040841
0.402097 0.026818 0.090374 0.109696 0.231032 0.139974 0.000010
0.218078 0.005343 0.055793 0.166878 0.274176 0.253635 0.026097
0.999940 0.000010 0.000010 0.000010 0.000010 0.000010 0.000010
0.908605 0.017811 0.000010 0.000010 0.063868 0.000010 0.009687
0.658285 0.026965 0.038964 0.045608 0.212900 0.017269 0.000010
0.746444 0.000010 0.017067 0.023651 0.091053 0.060295 0.061480
0.204967 0.000010 0.095546 0.132893 0.311009 0.225930 0.029645
0.521718 0.000010 0.049989 0.082648 0.237253 0.094204 0.014178
0.707598 0.010870 0.020709 0.033849 0.103701 0.081916 0.041357
0.197547 0.000010 0.086653 0.162414 0.292735 0.253967 0.006674
0.622998 0.008266 0.034641 0.047811 0.190349 0.075153 0.020782
0.203863 0.036255 0.085728 0.141624 0.270086 0.257769 0.004674
0.999940 0.000010 0.000010 0.000010 0.000010 0.000010 0.000010
0.498999 0.021324 0.045547 0.092478 0.211053 0.117623 0.012976
0.000010 0.000010 0.807197 0.000010 0.192753 0.000010 0.000010
0.060248 0.000010 0.492443 0.051890 0.342127 0.029068 0.024215
0.042596 0.000010 0.223985 0.061472 0.489001 0.092142 0.090794
0.000010 0.000010 0.999940 0.000010 0.000010 0.000010 0.000010
0.095052 0.000010 0.175788 0.045006 0.559320 0.023050 0.101775
0.000010 0.000010 0.999940 0.000010 0.000010 0.000010 0.000010
0.089757 0.000010 0.150925 0.054289 0.413247 0.223468 0.068304
0.022368 0.000010 0.206259 0.036326 0.567662 0.091976 0.075400
0.035565 0.000010 0.203878 0.020571 0.589015 0.059144 0.091817
0.000010 0.000010 0.999940 0.000010 0.000010 0.000010 0.000010
0.000010 0.000010 0.999940 0.000010 0.000010 0.000010 0.000010
0.113881 0.000010 0.154106 0.079917 0.515948 0.087493 0.048645
0.055687 0.000010 0.196448 0.019358 0.576242 0.055273 0.096981
0.054530 0.029034 0.232240 0.007895 0.596484 0.030286 0.049531
0.000010 0.000010 0.899886 0.000010 0.100064 0.000010 0.000010
0.031333 0.000010 0.760622 0.005280 0.202734 0.000010 0.000010
0.022761 0.000010 0.290234 0.066675 0.421727 0.099711 0.098881
0.028019 0.006269 0.209878 0.028608 0.595888 0.036094 0.095244
0.022180 0.038035 0.224919 0.000010 0.580956 0.045348 0.088551
0.071208 0.000010 0.195709 0.069906 0.512060 0.053072 0.098034
0.000010 0.000010 0.999940 0.000010 0.000010 0.000010 0.000010
0.000010 0.000010 0.999940 0.000010 0.000010 0.000010 0.000010
0.071341 0.000010 0.194688 0.040168 0.526133 0.095549 0.072110
0.092409 0.000010 0.194519 0.046142 0.516096 0.036813 0.114010
0.062835 0.000010 0.151671 0.060797 0.520982 0.126898 0.076806
0.008477 0.016728 0.706984 0.005960 0.261831 0.000010 0.000010
0.109776 0.000010 0.157873 0.033278 0.510290 0.100008 0.088765
0.060187 0.000010 0.215561 0.055633 0.543787 0.053171 0.071651
0.003608 0.002319 0.439080 0.065465 0.358602 0.100785 0.030141
0.081448 0.000010 0.184707 0.034668 0.543724 0.045738 0.109705
0.003836 0.000010 0.837945 0.000010 0.143162 0.000010 0.015027
0.071465 0.000010 0.233964 0.000010 0.544035 0.078920 0.071596
0.000010 0.000010 0.972106 0.000010 0.027844 0.000010 0.000010
0.118281 0.028043 0.169271 0.053165 0.492261 0.113324 0.025655
0.082194 0.000010 0.148370 0.055620 0.493892 0.127520 0.092393
0.080402 0.000010 0.192662 0.041532 0.575679 0.032333 0.077382
0.049961 0.000010 0.226588 0.071127 0.499263 0.082485 0.070567
0.036670 0.000010 0.943842 0.012912 0.000010 0.000010 0.006546
0.000010 0.000010 0.999940 0.000010 0.000010 0.000010 0.000010
0.007719 0.012169 0.929331 0.006027 0.000010 0.044733 0.000010
0.000010 0.000010 0.740813 0.024821 0.224932 0.000010 0.009405
0.003803 0.000010 0.912816 0.000010 0.064883 0.018468 0.000010
0.046563 0.010409 0.206485 0.071490 0.327837 0.259594 0.077621
0.057875 0.001002 0.000010 0.696207 0.244887 0.000010 0.000010
0.072325 0.070250 0.000010 0.647514 0.209882 0.000010 0.000010
0.044244 0.000010 0.020706 0.715369 0.214507 0.005154 0.000010
0.061413 0.002667 0.018839 0.717928 0.199134 0.000010 0.000010
0.033387 0.000010 0.000010 0.706373 0.260200 0.000010 0.000010
0.038884 0.000010 0.000010 0.735070 0.226006 0.000010 0.000010
0.065646 0.000010 0.000010 0.702828 0.231487 0.000010 0.000010
0.050969 0.014325 0.007680 0.675387 0.245013 0.006617 0.000010
0.047243 0.000010 0.000010 0.742258 0.210460 0.000010 0.000010
0.000010 0.013002 0.000010 0.000010 0.916324 0.000010 0.070634
0.030199 0.000010 0.100204 0.064006 0.620232 0.112692 0.072656
0.000010 0.027336 0.000010 0.000010 0.972614 0.000010 0.000010
0.032572 0.075270 0.065847 0.000010 0.735651 0.074725 0.015924
0.056586 0.000010 0.212543 0.037098 0.475838 0.115889 0.102036
0.000010 0.000010 0.090295 0.021816 0.717567 0.084581 0.085721
0.052841 0.000010 0.191086 0.117520 0.428383 0.170036 0.040123
0.064989 0.022186 0.096878 0.015153 0.752091 0.014298 0.034406
0.051048 0.000010 0.167274 0.099383 0.442765 0.157962 0.081559
0.044534 0.018393 0.089253 0.073725 0.630877 0.126941 0.016278
0.046607 0.024423 0.076321 0.068010 0.608955 0.124084 0.051600
0.049677 0.014807 0.036835 0.036195 0.768025 0.050931 0.043529
0.000010 0.015622 0.039126 0.000014 0.876526 0.000010 0.068692
0.073353 0.000010 0.090897 0.038778 0.645695 0.056299 0.094968
0.013252 0.044238 0.059305 0.032722 0.726193 0.104443 0.019848
0.004968 0.056078 0.028548 0.000010 0.803376 0.038552 0.068468
0.000010 0.062157 0.012691 0.000010 0.925112 0.000010 0.000010
0.068878 0.000010 0.106666 0.114157 0.534502 0.139015 0.036773
0.040864 0.026654 0.112487 0.077193 0.530574 0.162319 0.049910
0.076403 0.000010 0.132457 0.068049 0.555165 0.110200 0.057716
0.000010 0.000010 0.999940 0.000010 0.000010 0.000010 0.000010
0.052005 0.019965 0.119104 0.063843 0.500307 0.170340 0.074436
0.000010 0.018383 0.000010 0.000010 0.956434 0.000010 0.025142
0.000010 0.086058 0.000010 0.000010 0.902402 0.000010 0.011499
0.029459 0.047582 0.095563 0.010444 0.728533 0.052710 0.035708
0.038865 0.026857 0.091435 0.032578 0.682849 0.075430 0.051985
0.046942 0.019065 0.037139 0.012114 0.806063 0.000010 0.078668
0.022189 0.073695 0.050461 0.019839 0.730455 0.089262 0.014099
0.040776 0.000010 0.085031 0.033573 0.795355 0.000010 0.045245
0.000010 0.041636 0.001596 0.000010 0.956728 0.000010 0.000010
0.000010 0.043142 0.000010 0.000010 0.951880 0.000010 0.004938
0.051510 0.031095 0.096324 0.040926 0.616618 0.086634 0.076893
0.021027 0.025821 0.042349 0.039512 0.811380 0.033980 0.025930
0.073342 0.000010 0.108752 0.095850 0.495993 0.169807 0.056246
0.000010 0.010087 0.022204 0.000010 0.920261 0.000010 0.047418
0.071150 0.042721 0.111045 0.000010 0.620841 0.114169 0.040064
0.021999 0.035201 0.056621 0.034657 0.776249 0.043277 0.031995
0.077586 0.000010 0.132780 0.116568 0.448925 0.148817 0.075313
0.079658 0.001766 0.120632 0.082728 0.482162 0.170115 0.062940
0.000010 0.539008 0.021394 0.272423 0.007715 0.107477 0.051973
0.026329 0.614694 0.000010 0.194575 0.073989 0.046567 0.043836
0.038447 0.553701 0.000010 0.246749 0.032830 0.046927 0.081335
0.025163 0.532188 0.000010 0.260769 0.038820 0.109945 0.033105
0.031077 0.583735 0.013144 0.246948 0.004901 0.064581 0.055615
0.057660 0.568036 0.014733 0.253106 0.010190 0.054098 0.042177
0.032562 0.578636 0.025103 0.260623 0.000010 0.059981 0.043084
0.014255 0.575415 0.021232 0.233314 0.000010 0.106000 0.049775
0.010620 0.599645 0.000413 0.247529 0.033588 0.108194 0.000010
0.031318 0.630014 0.014658 0.228136 0.029357 0.066507 0.000010
0.022489 0.599204 0.023402 0.230164 0.000010 0.072219 0.052511
0.036078 0.608557 0.004020 0.240231 0.011496 0.066649 0.032970
0.018338 0.572494 0.017393 0.264545 0.031716 0.065094 0.030420
0.026209 0.555654 0.000010 0.024380 0.018479 0.000010 0.375258
0.015975 0.597015 0.002473 0.010977 0.062712 0.011110 0.299739
0.000010 0.593302 0.016812 0.000010 0.041488 0.000010 0.348369
0.007609 0.571955 0.000010 0.022451 0.017048 0.000010 0.380916
0.001617 0.569519 0.000010 0.040957 0.077029 0.000010 0.310858
0.006326 0.602507 0.022472 0.020922 0.056158 0.000010 0.291605
0.036208 0.558580 0.015815 0.055212 0.027735 0.000010 0.306439
0.045314 0.615832 0.021485 0.000010 0.030340 0.000010 0.287009
0.006380 0.559048 0.000010 0.076492 0.030388 0.000010 0.327671
0.034049 0.561956 0.014167 0.018656 0.010864 0.003053 0.357256
0.028885 0.571649 0.000010 0.007937 0.015138 0.000010 0.376370
0.043086 0.537899 0.013208 0.001358 0.001006 0.019196 0.384247
0.011550 0.574157 0.009397 0.000010 0.020590 0.051585 0.332712
0.000010 0.525171 0.004165 0.027926 0.036428 0.000010 0.406289
0.030428 0.574958 0.018372 0.000010 0.032308 0.003757 0.340168
0.012055 0.580439 0.021064 0.016186 0.037004 0.011151 0.322101
0.006641 0.561775 0.002588 0.000010 0.004387 0.050640 0.373960
0.022034 0.599110 0.012351 0.014274 0.053279 0.030758 0.268193
0.019219 0.635111 0.017702 0.036290 0.028094 0.021904 0.241680
0.006391 0.539659 0.013450 0.026089 0.023173 0.000010 0.391229
0.032427 0.561138 0.008089 0.023657 0.027080 0.010750 0.336858
0.014465 0.607800 0.016815 0.014957 0.040461 0.001526 0.303975
0.034061 0.000010 0.000010 0.717238 0.248661 0.000010 0.000010
0.042236 0.000010 0.000010 0.711573 0.246151 0.000010 0.000010
0.043551 0.000010 0.000010 0.742973 0.213437 0.000010 0.000010
0.013925 0.000010 0.000010 0.731255 0.254780 0.000010 0.000010
0.027215 0.000010 0.002499 0.739283 0.230973 0.000010 0.000010
0.063279 0.000010 0.004339 0.691732 0.240620 0.000010 0.000010
0.085406 0.000010 0.000518 0.669811 0.244234 0.000010 0.000010
0.047007 0.000010 0.000010 0.743437 0.209516 0.000010 0.000010
0.032000 0.000010 0.000012 0.716754 0.251204 0.000010 0.000010
0.042806 0.000010 0.000010 0.678775 0.271547 0.006842 0.000010
0.089591 0.000010 0.005491 0.681511 0.223377 0.000010 0.000010
0.049258 0.000010 0.000010 0.711987 0.238715 0.000010 0.000010
0.045675 0.000010 0.000010 0.708692 0.243415 0.000010 0.002188
0.025719 0.000010 0.000010 0.701163 0.273078 0.000010 0.000010
0.047414 0.000010 0.000010 0.701215 0.251331 0.000010 0.000010
0.007621 0.030964 0.000010 0.693708 0.250603 0.017084 0.000010
0.053808 0.025857 0.000010 0.667964 0.232772 0.019579 0.000010
0.049007 0.004291 0.000010 0.716693 0.229980 0.000010 0.000010
0.010648 0.000010 0.010649 0.775247 0.000010 0.000010 0.203427
0.000010 0.000010 0.006014 0.750557 0.000010 0.000010 0.243390
0.000022 0.008462 0.000010 0.766547 0.000010 0.000010 0.224939
0.000010 0.000010 0.000010 0.791696 0.000010 0.000010 0.208254
0.000010 0.000010 0.000010 0.748959 0.000010 0.000010 0.250991
0.000010 0.011581 0.000010 0.755221 0.000010 0.000010 0.233158
0.016648 0.000010 0.003697 0.745478 0.004532 0.000010 0.229625
0.005881 0.000010 0.000010 0.766311 0.000010 0.000010 0.227768
0.000010 0.053148 0.000010 0.722509 0.000010 0.000010 0.224303
0.000010 0.023348 0.000010 0.744740 0.000010 0.000010 0.231872
0.002970 0.053460 0.000010 0.718140 0.007765 0.000010 0.217645
0.000010 0.006034 0.000010 0.801259 0.000010 0.000010 0.192667
0.000010 0.023637 0.000010 0.746750 0.000010 0.000010 0.229573
0.000010 0.000010 0.005307 0.760107 0.000010 0.000010 0.234546
0.000010 0.000010 0.004893 0.772209 0.000010 0.000010 0.222858
0.000010 0.000010 0.000010 0.773333 0.000010 0.000010 0.226617
0.000010 0.000010 0.000010 0.780173 0.000010 0.000010 0.219777
0.000010 0.041074 0.005581 0.762616 0.000010 0.000010 0.190700
0.000010 0.000010 0.000010 0.774008 0.000010 0.000010 0.225942
0.000010 0.000010 0.000010 0.784430 0.000010 0.000010 0.215520
0.023302 0.066423 0.000010 0.076519 0.007926 0.586959 0.238861
0.007142 0.145884 0.009406 0.062017 0.000010 0.645174 0.130367
0.042244 0.097956 0.008850 0.101771 0.000010 0.619400 0.129769
0.039388 0.134706 0.023947 0.038842 0.023577 0.564703 0.174837
0.040134 0.134642 0.000010 0.069382 0.055411 0.600272 0.100149
0.036386 0.115741 0.019704 0.057387 0.000010 0.628729 0.142042
0.018184 0.224953 0.022345 0.059420 0.000010 0.469312 0.205775
0.049809 0.055043 0.000010 0.078156 0.000676 0.540490 0.275817
0.067164 0.100029 0.008352 0.057013 0.004285 0.641363 0.121794
0.040482 0.164083 0.011803 0.041981 0.001262 0.628696 0.111693
0.045802 0.079946 0.009649 0.053004 0.000010 0.636578 0.175011
0.013511 0.098772 0.000010 0.065993 0.080266 0.586368 0.155080
0.027174 0.111462 0.000010 0.106858 0.001301 0.606494 0.146701
0.027768 0.113035 0.029438 0.114688 0.000953 0.583035 0.131084
0.000010 0.004816 0.014219 0.050225 0.036260 0.612864 0.281606
0.000010 0.212337 0.000010 0.000010 0.000010 0.000010 0.787613
0.036039 0.381453 0.009369 0.248528 0.087517 0.185117 0.051976
0.045586 0.446343 0.007581 0.177363 0.143877 0.146966 0.032283
0.048883 0.510293 0.022556 0.186269 0.059064 0.111404 0.061532
0.006005 0.846106 0.012770 0.023890 0.009248 0.000010 0.101971
0.030746 0.014346 0.063282 0.032154 0.174945 0.502880 0.181646
0.037910 0.077052 0.032796 0.016472 0.197152 0.490005 0.148612
0.037260 0.035975 0.181514 0.015839 0.359223 0.305051 0.065139
0.129988 0.029703 0.130878 0.016505 0.444859 0.195927 0.052140
0.039152 0.000010 0.138342 0.101580 0.416277 0.239717 0.064922
0.039755 0.438284 0.002719 0.183984 0.126282 0.172787 0.036190
0.028834 0.380691 0.021146 0.164319 0.152166 0.197862 0.054982
0.030807 0.568791 0.018605 0.150066 0.077700 0.128046 0.025985
0.020087 0.821775 0.020304 0.028864 0.018703 0.000010 0.090257
0.053075 0.054906 0.042976 0.000010 0.168498 0.504167 0.176369
0.049282 0.023295 0.044402 0.000010 0.207606 0.482924 0.192480
0.047643 0.036833 0.039210 0.142808 0.258165 0.475330 0.000010
0.070906 0.025354 0.058553 0.039368 0.278810 0.360238 0.166770
0.021788 0.004295 0.491507 0.000010 0.385861 0.096529 0.000010
0.071808 0.009748 0.099316 0.065549 0.417252 0.254940 0.081388
0.027532 0.377707 0.011922 0.191380 0.139424 0.206742 0.045293
0.025970 0.595304 0.043966 0.117995 0.043627 0.087930 0.085207
0.000010 0.565911 0.000279 0.142249 0.076481 0.162843 0.052227
0.001148 0.831356 0.008438 0.004260 0.000010 0.030151 0.124637
0.071900 0.061219 0.062730 0.000010 0.201792 0.478217 0.124132
0.067202 0.051095 0.082434 0.091037 0.338231 0.303690 0.066312
0.088484 0.015206 0.109908 0.126994 0.298787 0.288125 0.072496
0.077696 0.000010 0.287737 0.033795 0.355871 0.187031 0.057860
0.039334 0.023157 0.091338 0.093601 0.461400 0.255095 0.036076
0.051286 0.432675 0.013410 0.180636 0.137396 0.184586 0.000010
0.027541 0.551976 0.022119 0.157349 0.061966 0.098780 0.080269
0.022291 0.596009 0.012084 0.141976 0.104840 0.072216 0.050584
0.000010 0.823739 0.039477 0.023352 0.000010 0.022723 0.090690
0.067685 0.031894 0.111906 0.082736 0.411697 0.240685 0.053398
0.068496 0.055103 0.108996 0.100630 0.354866 0.309710 0.002198
0.106146 0.021156 0.083777 0.087045 0.269633 0.306815 0.125427
0.081411 0.000010 0.094666 0.135778 0.335935 0.301256 0.050945
0.061233 0.026474 0.125577 0.049239 0.490146 0.214304 0.033028
0.033037 0.362613 0.012519 0.215320 0.135869 0.210747 0.029895
0.022537 0.598017 0.012233 0.109947 0.084764 0.124793 0.047708
0.027509 0.829330 0.027622 0.003669 0.001632 0.000010 0.110228
0.059398 0.804315 0.030292 0.004103 0.000010 0.000010 0.101872
0.077050 0.037473 0.043773 0.049560 0.093490 0.558775 0.139880
0.049583 0.000010 0.173818 0.000010 0.419238 0.226624 0.130717
0.093935 0.000010 0.088035 0.172173 0.321111 0.324725 0.000010
0.012529 0.000010 0.478246 0.026399 0.405278 0.077528 0.000010
0.058197 0.032478 0.114719 0.054125 0.432225 0.244325 0.063930
0.040203 0.413417 0.017051 0.179234 0.098912 0.212724 0.038459
0.025390 0.578027 0.006006 0.159301 0.088840 0.078428 0.064009
0.007838 0.766110 0.011656 0.053138 0.017259 0.038034 0.105965
0.000010 0.828814 0.004084 0.000721 0.053646 0.038503 0.074222
0.069814 0.037444 0.042222 0.000010 0.160671 0.522206 0.167633
0.075241 0.011527 0.096720 0.120732 0.312856 0.333440 0.049483
0.000010 0.002006 0.513562 0.000010 0.370681 0.113722 0.000010
0.092927 0.006791 0.231644 0.031639 0.331655 0.254890 0.050454
0.007866 0.018854 0.145763 0.093341 0.403417 0.251248 0.079511
0.005176 0.369356 0.049071 0.188534 0.148408 0.189689 0.049766
0.043244 0.571271 0.002558 0.117891 0.072997 0.107980 0.084059
0.029470 0.850324 0.000010 0.000010 0.010938 0.010580 0.098668
0.001454 0.046424 0.053459 0.000010 0.204319 0.509707 0.184626
0.051082 0.012228 0.165683 0.010227 0.360885 0.287711 0.112184
0.067023 0.046850 0.098243 0.116185 0.329776 0.298941 0.042983
0.054813 0.000333 0.086610 0.029998 0.361849 0.315081 0.151317
0.050606 0.429454 0.010079 0.186153 0.115956 0.175368 0.032384
0.039538 0.494169 0.030345 0.147639 0.048350 0.182415 0.057543
0.000010 0.865143 0.029343 0.006773 0.051128 0.013592 0.034011
0.046766 0.005062 0.188444 0.000010 0.338810 0.301599 0.119309
0.047812 0.000010 0.134871 0.093447 0.423089 0.244155 0.056616
0.023335 0.000010 0.447532 0.000010 0.386051 0.143052 0.000010
0.076519 0.019581 0.142223 0.071057 0.371271 0.253890 0.065460
0.065613 0.014114 0.104590 0.058414 0.441616 0.260773 0.054881
0.004703 0.101236 0.006995 0.062652 0.005480 0.632891 0.186044
0.023456 0.093265 0.012198 0.043692 0.011394 0.587298 0.228696
0.000010 0.073664 0.008029 0.103386 0.014657 0.774708 0.025546
0.000010 0.110300 0.003155 0.017935 0.000010 0.668923 0.199667
0.015693 0.220961 0.000010 0.004288 0.000010 0.675836 0.083202
0.000010 0.085365 0.011989 0.097907 0.000010 0.774275 0.030443
0.077317 0.032767 0.054861 0.127808 0.186115 0.512128 0.009003
0.027404 0.204372 0.016855 0.000010 0.026126 0.587159 0.138075
0.000010 0.030582 0.007789 0.000010 0.043167 0.445319 0.473123
0.001168 0.140530 0.009926 0.047912 0.000010 0.626814 0.173641
0.011646 0.073615 0.018958 0.004163 0.009644 0.627662 0.254312
0.000010 0.046081 0.013064 0.133751 0.024942 0.782142 0.000010
0.025252 0.108179 0.019828 0.024405 0.000010 0.639721 0.182605
0.012464 0.176863 0.022587 0.017378 0.015174 0.607885 0.147648
0.020881 0.052962 0.000010 0.058715 0.035573 0.746511 0.085348
0.012152 0.094619 0.000980 0.056494 0.000010 0.763840 0.071905
0.082707 0.085862 0.028944 0.111592 0.141599 0.549285 0.000010
0.039658 0.261992 0.000010 0.000010 0.000310 0.611760 0.086261
0.036988 0.130366 0.010361 0.005898 0.080372 0.546329 0.189686
0.000010 0.000010 0.008102 0.000010 0.000010 0.418211 0.573647
0.013639 0.000010 0.005587 0.006007 0.019963 0.523855 0.430940
0.004409 0.078179 0.023208 0.075725 0.000010 0.600888 0.217581
0.025043 0.040200 0.020232 0.124371 0.010994 0.769804 0.009356
0.011680 0.062574 0.010886 0.088261 0.024568 0.802021 0.000010
0.008856 0.101230 0.000010 0.027575 0.013599 0.613222 0.235508
0.026292 0.221147 0.007811 0.017745 0.000010 0.601272 0.125723
0.000010 0.049324 0.000010 0.097775 0.027103 0.765599 0.060178
0.073126 0.040950 0.015087 0.125761 0.195473 0.510290 0.039312
0.112050 0.046932 0.048879 0.079634 0.240870 0.461683 0.009952
0.000010 0.000010 0.010326 0.000010 0.023938 0.389472 0.576234
0.000010 0.053379 0.000010 0.065749 0.000010 0.660466 0.220376
0.056617 0.055387 0.015086 0.097458 0.018368 0.757076 0.000010
0.005740 0.080782 0.027553 0.081261 0.033223 0.771432 0.000010
0.006967 0.051767 0.000010 0.042443 0.003167 0.645701 0.249945
0.024138 0.214310 0.016797 0.006451 0.022506 0.618125 0.097673
0.000010 0.105671 0.020836 0.076721 0.036873 0.739515 0.020373
0.092261 0.039868 0.068063 0.108199 0.167578 0.502663 0.021368
0.079231 0.042625 0.036677 0.110621 0.185831 0.517324 0.027691
0.000010 0.253710 0.018802 0.006947 0.005109 0.597013 0.118409
0.045669 0.140839 0.021199 0.020223 0.019717 0.551502 0.200852
0.000010 0.000010 0.010720 0.000010 0.000010 0.324723 0.664518
0.000989 0.057348 0.004998 0.053739 0.032360 0.608638 0.241928
0.013006 0.000010 0.008400 0.108048 0.034248 0.772091 0.064196
0.029532 0.060565 0.004793 0.065554 0.004161 0.586050 0.249345
0.039447 0.084535 0.002693 0.037095 0.000010 0.595272 0.240949
0.039426 0.204803 0.006475 0.000010 0.026448 0.616317 0.106521
0.019988 0.042914 0.002498 0.088496 0.000010 0.802284 0.043811
0.083548 0.085502 0.029076 0.089393 0.157996 0.529774 0.024711
0.030821 0.199416 0.029092 0.011033 0.019678 0.573071 0.136889
0.026241 0.204702 0.010436 0.012952 0.021124 0.583515 0.141031
0.013207 0.161642 0.023533 0.035986 0.041683 0.569549 0.154401
0.000010 0.000010 0.000010 0.000010 0.050271 0.399265 0.550424
0.000010 0.089926 0.000010 0.054556 0.030998 0.598717 0.225783
0.046744 0.062064 0.000010 0.126459 0.045124 0.710323 0.009275
0.000010 0.053345 0.000010 0.060623 0.000010 0.647178 0.238824
0.005795 0.083092 0.000010 0.056070 0.010656 0.617228 0.227149
0.024968 0.185192 0.004252 0.003072 0.000010 0.603918 0.178588
0.048566 0.081620 0.007483 0.068799 0.000010 0.765884 0.027638
0.101690 0.076249 0.025295 0.100416 0.175490 0.502360 0.018500
0.012663 0.243796 0.013257 0.000010 0.008256 0.587884 0.134135
0.001838 0.259111 0.000010 0.000010 0.029922 0.583363 0.125746
0.000010 0.263535 0.000010 0.000010 0.021251 0.593769 0.121416
0.000010 0.000010 0.011751 0.000010 0.028989 0.450913 0.508316
0.000010 0.112841 0.000010 0.050802 0.000043 0.670310 0.165984
0.045334 0.083509 0.002881 0.100963 0.023074 0.744228 0.000010
0.011396 0.063700 0.004387 0.051423 0.000010 0.600038 0.269046
0.045053 0.177142 0.025448 0.005005 0.016217 0.567414 0.163720
0.033692 0.042345 0.021266 0.101772 0.053138 0.726214 0.021573
0.102911 0.036663 0.052939 0.124617 0.254978 0.427882 0.000010
0.001778 0.198931 0.024227 0.005789 0.000010 0.639619 0.129645
0.000010 0.138085 0.005571 0.100940 0.111670 0.578216 0.065508
0.019747 0.157776 0.023727 0.000010 0.088049 0.539038 0.171653
0.000010 0.069427 0.026356 0.000856 0.000010 0.432330 0.471011
0.000010 0.133076 0.000010 0.079490 0.000010 0.633514 0.153890
0.031012 0.073731 0.008516 0.063961 0.031030 0.774711 0.017039
0.000010 0.065787 0.006703 0.051398 0.006966 0.689794 0.179341
0.019191 0.158448 0.002207 0.030409 0.000010 0.619403 0.170332
0.000207 0.219926 0.000010 0.038283 0.005713 0.663974 0.071887
0.022978 0.068171 0.020346 0.085184 0.066164 0.705873 0.031284
0.084061 0.057339 0.046811 0.110548 0.197862 0.503369 0.000010
0.015028 0.199670 0.010446 0.000010 0.004300 0.633419 0.137126
0.000010 0.138093 0.000010 0.010169 0.086439 0.539427 0.225851
0.057740 0.166241 0.004721 0.024107 0.082734 0.469645 0.194811
0.000010 0.000010 0.000220 0.010703 0.028279 0.406406 0.554372
0.005023 0.789433 0.018564 0.000010 0.059099 0.040930 0.086942
0.000010 0.689901 0.025169 0.043376 0.003126 0.104002 0.134416
0.037813 0.606093 0.000235 0.106475 0.082156 0.089163 0.078064
0.029123 0.781384 0.016463 0.021422 0.000010 0.000010 0.151588
0.000010 0.577805 0.000010 0.004102 0.040532 0.092038 0.285502
0.000010 0.078229 0.000010 0.000010 0.000010 0.000010 0.921721
0.016737 0.731132 0.023586 0.058809 0.022604 0.047698 0.099433
0.000010 0.632823 0.022309 0.106569 0.051424 0.076736 0.110129
0.010301 0.787746 0.000010 0.012682 0.036717 0.004535 0.148009
0.000010 0.674076 0.000010 0.039894 0.000010 0.000010 0.285991
0.000010 0.598787 0.012423 0.029176 0.018936 0.085501 0.255168
0.000010 0.000010 0.000010 0.000010 0.000010 0.000010 0.999940
0.016446 0.651396 0.006101 0.058095 0.025384 0.087906 0.154673
0.000010 0.659420 0.020793 0.039313 0.056446 0.106287 0.117731
0.004446 0.765481 0.013347 0.037052 0.000010 0.015671 0.163993
0.000010 0.846013 0.032319 0.000010 0.000010 0.000010 0.121628
0.013793 0.551386 0.009067 0.000010 0.005744 0.099409 0.320591
0.000010 0.000010 0.000010 0.000010 0.000010 0.000010 0.999940
0.012288 0.693418 0.007664 0.036900 0.056798 0.036706 0.156225
0.000010 0.684383 0.034580 0.054292 0.039023 0.070524 0.117189
0.012948 0.758266 0.000010 0.046004 0.018476 0.003593 0.160703
0.023553 0.613269 0.012274 0.000010 0.058153 0.024041 0.268700
0.055253 0.598373 0.000010 0.000010 0.000010 0.074129 0.272214
0.000010 0.000010 0.000010 0.010405 0.000010 0.000010 0.989545
0.020789 0.683484 0.000010 0.025201 0.085686 0.012467 0.172362
0.051851 0.688152 0.003094 0.033009 0.077311 0.035598 0.110986
0.026530 0.780626 0.013790 0.035677 0.007598 0.001717 0.134062
0.000010 0.598841 0.013194 0.006737 0.043153 0.061887 0.276178
0.022471 0.572349 0.013849 0.029945 0.006029 0.079387 0.275970
0.000010 0.000010 0.000010 0.000010 0.000010 0.000010 0.999940
0.031939 0.626678 0.011808 0.063897 0.073566 0.036499 0.155613
0.042300 0.664760 0.019361 0.035514 0.042280 0.038701 0.157083
0.035170 0.780558 0.000010 0.010281 0.052884 0.000010 0.121086
0.015705 0.599037 0.028011 0.000010 0.001285 0.043174 0.312778
0.000010 0.140160 0.000010 0.000010 0.016620 0.015917 0.827273
0.025787 0.056412 0.000010 0.000010 0.000010 0.000010 0.917761
0.045889 0.735723 0.000010 0.041311 0.057792 0.002157 0.117118
0.037262 0.695052 0.016169 0.097107 0.034667 0.044691 0.075051
0.055385 0.597265 0.017968 0.103717 0.019557 0.083091 0.123017
0.030019 0.706979 0.017075 0.061415 0.015997 0.000010 0.168506
0.000010 0.577887 0.000010 0.026462 0.037447 0.041317 0.316868
0.000010 0.020858 0.000010 0.000010 0.000010 0.000010 0.979092
0.007372 0.193207 0.006645 0.000010 0.000010 0.000010 0.792746
0.043164 0.719211 0.018064 0.071984 0.025807 0.024271 0.097500
0.000981 0.675623 0.017581 0.024425 0.066939 0.048930 0.165520
0.056068 0.678714 0.023621 0.059165 0.045859 0.039109 0.097463
0.012711 0.731109 0.011270 0.024071 0.028081 0.000010 0.192749
0.012563 0.615194 0.000010 0.000747 0.042189 0.052770 0.276528
0.000010 0.000010 0.000010 0.000010 0.000010 0.000010 0.999940
0.017032 0.013536 0.484864 0.000010 0.402807 0.058373 0.023377
0.052361 0.575238 0.025119 0.191342 0.013594 0.071101 0.071244
0.013337 0.643237 0.009084 0.150713 0.081541 0.062848 0.039240
0.046988 0.605362 0.000649 0.131574 0.088164 0.048780 0.078482
0.020193 0.677726 0.012118 0.183789 0.000010 0.106153 0.000010
0.068119 0.298030 0.027546 0.281427 0.112114 0.212755 0.000010
0.031045 0.565442 0.002129 0.163118 0.078671 0.110546 0.049050
0.014196 0.591948 0.007403 0.175205 0.061275 0.095341 0.054631
0.036496 0.680473 0.007548 0.220304 0.008263 0.021667 0.025248
0.000010 0.620830 0.012678 0.223818 0.000010 0.089970 0.052684
0.071611 0.004783 0.018372 0.192420 0.181714 0.531090 0.000010
0.048599 0.510473 0.015169 0.131434 0.095132 0.084462 0.114731
0.027638 0.636048 0.024137 0.152130 0.028670 0.086378 0.044999
0.017606 0.614476 0.024777 0.235348 0.000010 0.081409 0.026374
0.019034 0.633469 0.015494 0.198647 0.011753 0.094477 0.027125
0.104978 0.203574 0.017107 0.214872 0.196859 0.238857 0.023753
0.054538 0.575543 0.014111 0.179517 0.072724 0.034895 0.068672
0.011473 0.594486 0.015625 0.158044 0.076614 0.079079 0.064677
0.045326 0.633938 0.000010 0.187812 0.007750 0.098829 0.026335
0.027989 0.618595 0.003854 0.215911 0.001836 0.056288 0.075528
0.094416 0.127524 0.056237 0.216009 0.188154 0.317651 0.000010
0.030340 0.132407 0.004744 0.026297 0.000010 0.631854 0.174348
0.046550 0.509050 0.013126 0.210846 0.054097 0.089695 0.076636
0.032131 0.575722 0.000010 0.159639 0.096594 0.080309 0.055595
0.014622 0.591072 0.015750 0.200694 0.000010 0.098892 0.078960
0.000010 0.658007 0.010932 0.204397 0.000010 0.118739 0.007905
0.031871 0.340515 0.027517 0.221140 0.149732 0.229215 0.000010
0.015665 0.562968 0.019680 0.160486 0.093358 0.079291 0.068552
0.025733 0.521627 0.000010 0.138312 0.115137 0.104130 0.095052
0.085816 0.574398 0.016343 0.155973 0.060841 0.060899 0.045730
0.006300 0.677721 0.014184 0.198556 0.014517 0.088711 0.000010
0.033571 0.594551 0.015301 0.114398 0.092026 0.058548 0.091606
0.019328 0.535597 0.017802 0.177764 0.111119 0.065481 0.072908
0.042909 0.585559 0.027399 0.150282 0.033742 0.059949 0.100160
0.021446 0.655278 0.001607 0.162240 0.041725 0.056634 0.061070
0.047728 0.556512 0.006746 0.162747 0.086235 0.089864 0.050169
0.020665 0.635463 0.008336 0.147948 0.083173 0.066020 0.038394
0.035023 0.679012 0.000010 0.110138 0.060457 0.078099 0.037261
0.034307 0.679634 0.017817 0.170547 0.013753 0.036107 0.047834
0.048624 0.273110 0.027537 0.211577 0.213359 0.225782 0.000010
0.012208 0.591093 0.002089 0.241998 0.018812 0.101089 0.032711
0.024563 0.570670 0.000010 0.211907 0.018727 0.125068 0.049055
0.000010 0.550674 0.024293 0.258019 0.000010 0.079939 0.087055
0.026887 0.583410 0.000339 0.217764 0.011399 0.107437 0.052764
0.029029 0.581348 0.011115 0.237015 0.044913 0.096075 0.000504
0.004973 0.579350 0.025590 0.252130 0.022251 0.075343 0.040362
0.028583 0.514850 0.016231 0.270584 0.033268 0.104222 0.032263
0.000010 0.539525 0.022209 0.254426 0.030645 0.112759 0.040427
0.040372 0.555576 0.008400 0.253461 0.030295 0.092167 0.019730
0.000010 0.546915 0.005568 0.269838 0.014117 0.133060 0.030492
0.023500 0.575259 0.007418 0.244597 0.026474 0.122314 0.000437
0.004459 0.199213 0.037420 0.440371 0.132731 0.074722 0.111084
0.019410 0.300308 0.053791 0.383899 0.131993 0.042049 0.068550
0.000010 0.258426 0.013425 0.469362 0.152588 0.058641 0.047547
0.048672 0.200421 0.032633 0.471945 0.118112 0.059917 0.068299
0.037062 0.295915 0.037762 0.422169 0.069806 0.099828 0.037457
0.041598 0.231811 0.013693 0.445066 0.127741 0.036524 0.103568
0.046370 0.275987 0.064774 0.393127 0.118666 0.080647 0.020428
0.042848 0.310686 0.053463 0.419304 0.088621 0.062866 0.022213
0.009489 0.238471 0.030821 0.513128 0.024470 0.096050 0.087572
0.000010 0.318779 0.024317 0.462815 0.084862 0.085493 0.023724
0.000010 0.217002 0.020794 0.566360 0.009610 0.068993 0.117230
0.006821 0.189083 0.000010 0.616715 0.040394 0.031551 0.115426
0.009976 0.207045 0.013458 0.584273 0.017083 0.044865 0.123298
0.007422 0.236813 0.046159 0.453503 0.085453 0.108409 0.062241
0.038519 0.281702 0.031454 0.390174 0.151254 0.088195 0.018703
0.018235 0.281678 0.020349 0.423805 0.161748 0.042370 0.051816
0.013602 0.261254 0.016691 0.416731 0.135120 0.089925 0.066677
0.000010 0.284384 0.008405 0.426109 0.107726 0.077862 0.095503
0.025298 0.321735 0.005521 0.390410 0.127110 0.103760 0.026166
0.004456 0.238916 0.022089 0.487396 0.117354 0.059956 0.069834
0.009447 0.326655 0.024610 0.437905 0.109265 0.051150 0.040968
0.004561 0.296231 0.001599 0.410236 0.156598 0.106315 0.024461
0.013741 0.270022 0.018901 0.452810 0.147229 0.041057 0.056240
0.028306 0.291320 0.004129 0.412812 0.115116 0.112180 0.036137
0.037042 0.315400 0.009275 0.389558 0.130083 0.088902 0.029740
0.016691 0.245212 0.023466 0.427805 0.162018 0.075511 0.049297
0.032272 0.227976 0.024253 0.425474 0.117605 0.063996 0.108424
0.010445 0.235369 0.021093 0.447595 0.133757 0.112704 0.039037
0.029178 0.207398 0.018073 0.458673 0.124579 0.064250 0.097849
0.025078 0.225895 0.010243 0.453078 0.155034 0.067671 0.063001
0.024960 0.231392 0.040850 0.465352 0.116367 0.082391 0.038689
0.012356 0.278601 0.032026 0.410842 0.102435 0.120285 0.043454
0.062512 0.200621 0.030913 0.385696 0.150052 0.126035 0.044171
0.000010 0.624355 0.000010 0.001369 0.000010 0.000010 0.374236
0.006135 0.660734 0.036005 0.083926 0.004971 0.000010 0.208219
0.043299 0.650598 0.031143 0.031373 0.000010 0.000010 0.243567
0.014006 0.599771 0.000010 0.010919 0.050858 0.000010 0.324425
0.015138 0.507266 0.000010 0.248937 0.043467 0.126946 0.058236
0.016349 0.601667 0.000010 0.003783 0.033304 0.000010 0.344878
0.004404 0.564811 0.000010 0.281408 0.041688 0.107669 0.000010
0.000010 0.669823 0.024126 0.018190 0.000010 0.000010 0.287832
0.000010 0.604443 0.021589 0.000010 0.000010 0.000010 0.373928
0.001904 0.234809 0.034053 0.462831 0.095049 0.086072 0.085282
0.008710 0.259845 0.014920 0.462387 0.129829 0.062464 0.061845
0.038483 0.183505 0.016579 0.531442 0.082530 0.047247 0.100215
0.020574 0.244222 0.021332 0.462955 0.120791 0.027602 0.102524
0.000010 0.275518 0.003267 0.461193 0.146233 0.048971 0.064809
0.000010 0.138618 0.005149 0.669107 0.000010 0.042667 0.144438
0.017628 0.239847 0.014336 0.500833 0.116775 0.053301 0.057279
0.009723 0.147633 0.012442 0.657472 0.029655 0.000010 0.143066
0.000010 0.211050 0.008999 0.573919 0.089736 0.052877 0.063409
0.048371 0.252376 0.011926 0.486760 0.082807 0.053358 0.064402
0.014851 0.280393 0.034880 0.406152 0.179342 0.060498 0.023885
0.045970 0.316781 0.017167 0.387035 0.137864 0.032836 0.062346
0.008739 0.285650 0.016953 0.386299 0.198559 0.069917 0.033884
0.000010 0.344639 0.035078 0.378892 0.132644 0.059274 0.049463
0.050411 0.296907 0.024119 0.362552 0.172204 0.056670 0.037137
0.024290 0.286528 0.019305 0.446293 0.097172 0.070698 0.055715
0.069799 0.255666 0.016593 0.467281 0.115861 0.028935 0.045865
0.012958 0.240331 0.008773 0.485096 0.135619 0.056632 0.060591
0.005017 0.349355 0.026062 0.408290 0.122786 0.056527 0.031964
0.014542 0.259470 0.000010 0.470144 0.151161 0.047487 0.057186
0.045772 0.283328 0.000010 0.402038 0.116880 0.085108 0.066863
0.000010 0.274675 0.034656 0.466561 0.132555 0.057120 0.034422
0.008186 0.169553 0.010722 0.544881 0.082303 0.077673 0.106681
0.033290 0.230619 0.048313 0.440808 0.130096 0.055875 0.060998
0.025313 0.201977 0.028410 0.430718 0.141987 0.072976 0.098619
0.012942 0.612045 0.009641 0.244529 0.002805 0.118028 0.000010
0.049922 0.169445 0.039099 0.249474 0.265637 0.172393 0.054030
0.035754 0.195631 0.047727 0.286653 0.269704 0.164522 0.000010
0.015439 0.532971 0.018661 0.192001 0.090551 0.117716 0.032660
0.006408 0.655374 0.020118 0.195229 0.021260 0.079467 0.022145
0.028383 0.662943 0.001643 0.175562 0.021368 0.079042 0.031059
0.042585 0.563268 0.049988 0.132942 0.067764 0.134061 0.009392
0.099240 0.552283 0.000010 0.151218 0.114858 0.070824 0.011567
0.043926 0.204158 0.046988 0.288502 0.223216 0.193199 0.000010
0.043746 0.310895 0.003177 0.250294 0.200499 0.191378 0.000010
0.088813 0.208074 0.025366 0.232097 0.243423 0.202218 0.000010
0.000010 0.000016 0.000010 0.781573 0.000010 0.000010 0.218370
0.056909 0.203240 0.030737 0.273648 0.241679 0.193777 0.000010
0.021913 0.509242 0.004253 0.215821 0.124375 0.059727 0.064670
0.047015 0.591981 0.000010 0.211555 0.028252 0.060411 0.060776
0.071798 0.578373 0.024775 0.117991 0.083280 0.077383 0.046400
0.089608 0.162768 0.054166 0.277780 0.262513 0.153155 0.000010
0.023406 0.573567 0.016971 0.237492 0.018230 0.057904 0.072430
0.079496 0.189296 0.036222 0.271845 0.257940 0.165191 0.000010
0.042307 0.050865 0.030178 0.129976 0.220988 0.391655 0.134032
0.078127 0.199251 0.062185 0.249521 0.215572 0.195333 0.000010
0.000010 0.650044 0.016315 0.201889 0.020267 0.111465 0.000010
0.084103 0.227334 0.039623 0.268111 0.236141 0.144679 0.000010
0.014631 0.653219 0.028199 0.221016 0.000010 0.067013 0.015912
0.077224 0.482067 0.000010 0.147313 0.149859 0.085178 0.058349
0.031291 0.663963 0.012598 0.182689 0.008571 0.083090 0.017798
0.026003 0.292575 0.025871 0.254196 0.194933 0.200919 0.005502
0.053547 0.165743 0.040453 0.278512 0.268528 0.193207 0.000010
0.000010 0.093585 0.002779 0.745997 0.000010 0.000010 0.157609
0.066393 0.348857 0.016471 0.197166 0.180272 0.171265 0.019577
0.059619 0.266423 0.010303 0.248649 0.163178 0.198704 0.053124
0.033266 0.651772 0.000010 0.173294 0.033373 0.067794 0.040492
0.062987 0.313457 0.028466 0.243440 0.139050 0.212590 0.000010
0.080013 0.550891 0.020204 0.147213 0.118049 0.062373 0.021257
0.026353 0.663991 0.000010 0.223039 0.007141 0.079456 0.000010
0.023959 0.198713 0.000010 0.592956 0.024052 0.041585 0.118725
0.040966 0.310843 0.014119 0.244010 0.159561 0.230490 0.000010
0.062993 0.225743 0.031741 0.285031 0.207635 0.186847 0.000010
0.064790 0.583254 0.025258 0.148335 0.080228 0.098125 0.000010
0.024005 0.180798 0.026920 0.289679 0.298574 0.180014 0.000010
0.074668 0.260989 0.035678 0.259025 0.133823 0.235807 0.000010
0.046647 0.568256 0.030672 0.149381 0.129061 0.061088 0.014895
0.062940 0.126110 0.040102 0.307371 0.271597 0.166282 0.025599
0.000010 0.194643 0.004803 0.581560 0.088161 0.019967 0.110857
0.000010 0.102733 0.000010 0.665635 0.023150 0.049181 0.159280
0.039360 0.173405 0.035688 0.271516 0.232942 0.194489 0.052600
0.028262 0.000010 0.030392 0.120068 0.124435 0.348063 0.348770
0.057733 0.192282 0.035772 0.270488 0.254114 0.189601 0.000010
0.048572 0.204663 0.027911 0.243224 0.278238 0.197383 0.000010
0.045080 0.627028 0.011292 0.177492 0.026806 0.037462 0.074840
0.089499 0.000010 0.034044 0.252648 0.300222 0.323567 0.000010
0.028594 0.505922 0.005036 0.206404 0.126343 0.127690 0.000010
0.074039 0.322057 0.022581 0.221268 0.185808 0.167333 0.006914
0.047929 0.242273 0.010548 0.259533 0.189417 0.203657 0.046643
0.088719 0.027095 0.005251 0.188485 0.127462 0.317486 0.245502
0.000010 0.000010 0.000010 0.767219 0.000010 0.000010 0.232731
0.078537 0.268948 0.015055 0.253449 0.179476 0.204525 0.000010
0.025874 0.000010 0.000486 0.099135 0.187605 0.333636 0.353255
0.030617 0.694859 0.025492 0.160212 0.000010 0.088800 0.000010
0.000010 0.156439 0.009732 0.600778 0.077817 0.018423 0.136801
0.000010 0.022190 0.011867 0.764657 0.000010 0.000010 0.201255
0.000010 0.013044 0.000010 0.794143 0.010857 0.000010 0.181925
0.063071 0.314682 0.000020 0.244548 0.179592 0.198078 0.000010
0.040487 0.261101 0.030606 0.220396 0.179126 0.223486 0.044797
0.045413 0.162101 0.045008 0.219627 0.283823 0.244017 0.000010
0.035774 0.277813 0.016167 0.278906 0.184170 0.163055 0.044116
0.102367 0.066672 0.033911 0.299156 0.286224 0.153210 0.058460
0.080356 0.311134 0.007737 0.258916 0.144085 0.188047 0.009724
0.031252 0.149654 0.027775 0.139731 0.170200 0.227484 0.253904
