0.040821 0.066289 0.023213 0.418333 0.451343
0.074536 0.056753 0.036550 0.343860 0.488301
0.070061 0.089038 0.015894 0.359231 0.465775
0.056873 0.069885 0.018621 0.418445 0.436176
0.040809 0.050878 0.022082 0.387942 0.498289
0.112579 0.074296 0.006032 0.347001 0.460092
0.019148 0.079913 0.037892 0.386948 0.476099
0.043802 0.063766 0.015870 0.392168 0.484393
0.028119 0.078091 0.000010 0.449090 0.444690
0.053551 0.072103 0.016862 0.368941 0.488542
0.019940 0.079598 0.011636 0.405640 0.483186
0.014491 0.103913 0.033315 0.345204 0.503077
0.027816 0.088687 0.020543 0.392069 0.470885
0.058734 0.039927 0.016088 0.424439 0.460811
0.019846 0.095066 0.024327 0.420071 0.440690
0.031823 0.083028 0.020736 0.437743 0.426670
0.058587 0.084682 0.036516 0.389942 0.430273
0.005346 0.053989 0.031815 0.298867 0.609982
0.044868 0.041491 0.000010 0.473221 0.440409
0.019293 0.069735 0.035225 0.428549 0.447198
0.045374 0.034564 0.023317 0.460948 0.435796
0.063487 0.100674 0.036993 0.312307 0.486539
0.041248 0.101725 0.014095 0.357965 0.484967
0.057253 0.055523 0.034444 0.374374 0.478406
0.041469 0.067076 0.035347 0.363442 0.492666
0.031850 0.848099 0.054358 0.023199 0.042495
0.000010 0.999960 0.000010 0.000010 0.000010
0.135923 0.664444 0.065750 0.007516 0.126367
0.077230 0.821416 0.045619 0.000010 0.055725
0.218015 0.513821 0.102329 0.011790 0.154045
0.080958 0.777462 0.060471 0.020248 0.060859
0.347747 0.279065 0.177018 0.006892 0.189278
0.144134 0.682363 0.085508 0.000010 0.087985
0.000010 0.999960 0.000010 0.000010 0.000010
0.339021 0.282385 0.181165 0.006294 0.191136
0.000010 0.999960 0.000010 0.000010 0.000010
0.000010 0.999960 0.000010 0.000010 0.000010
0.222345 0.491511 0.118787 0.011677 0.155680
0.170786 0.655242 0.068033 0.018800 0.087139
0.131913 0.770516 0.052428 0.000010 0.045133
0.045501 0.794440 0.078928 0.029652 0.051479
0.000010 0.999960 0.000010 0.000010 0.000010
0.000010 0.999960 0.000010 0.000010 0.000010
0.016046 0.905399 0.048218 0.021368 0.008968
0.179473 0.553781 0.125983 0.000010 0.140753
0.364733 0.202816 0.196298 0.000010 0.236142
0.248729 0.443658 0.147147 0.024327 0.136139
0.231907 0.479426 0.124081 0.013899 0.150687
0.000010 0.999960 0.000010 0.000010 0.000010
0.302363 0.372269 0.155436 0.017389 0.152542
0.204283 0.462684 0.156983 0.009044 0.167006
0.334106 0.296069 0.132902 0.011324 0.225599
0.000010 0.999960 0.000010 0.000010 0.000010
0.000010 0.967679 0.000010 0.027024 0.005277
0.079849 0.719395 0.100390 0.007431 0.092935
0.101910 0.775192 0.042670 0.049865 0.030363
0.329116 0.286552 0.185078 0.000010 0.199244
0.173385 0.580701 0.118542 0.000010 0.127363
0.115272 0.741564 0.050410 0.043141 0.049613
0.334792 0.274794 0.169393 0.000010 0.221012
0.142594 0.667456 0.092069 0.012386 0.085495
0.329630 0.280721 0.159034 0.017006 0.213609
0.000010 0.999960 0.000010 0.000010 0.000010
0.179103 0.559716 0.103335 0.015054 0.142792
0.075636 0.000118 0.919939 0.000010 0.004297
0.163404 0.123017 0.605699 0.000010 0.107869
0.313806 0.139900 0.378987 0.006277 0.161029
0.000010 0.000010 0.999960 0.000010 0.000010
0.293366 0.197546 0.352106 0.000010 0.156973
0.000010 0.000010 0.999960 0.000010 0.000010
0.385661 0.183711 0.280816 0.013746 0.136067
0.342470 0.124442 0.384152 0.000010 0.148926
0.330499 0.143708 0.385550 0.000010 0.140232
0.000010 0.000010 0.999960 0.000010 0.000010
0.000010 0.000010 0.999960 0.000010 0.000010
0.299216 0.211049 0.312255 0.000010 0.177470
0.316674 0.172038 0.378606 0.000010 0.132672
0.278153 0.173269 0.414250 0.000010 0.134318
0.017521 0.007892 0.974567 0.000010 0.000010
0.055762 0.071669 0.834565 0.000010 0.037994
0.297998 0.106643 0.425552 0.015430 0.154378
0.306865 0.137953 0.397395 0.011767 0.146020
0.306501 0.141318 0.403526 0.038201 0.110453
0.287875 0.166702 0.357869 0.013510 0.174043
0.000010 0.000010 0.999960 0.000010 0.000010
0.000010 0.000010 0.999960 0.000010 0.000010
0.318506 0.181761 0.359182 0.000010 0.140541
0.280047 0.194968 0.356790 0.020848 0.147347
0.350216 0.171430 0.314406 0.000010 0.163938
0.090571 0.055334 0.798164 0.000010 0.055921
0.337025 0.206135 0.322212 0.000010 0.134618
0.285112 0.169055 0.384233 0.000010 0.161589
0.232471 0.081562 0.552422 0.000010 0.133536
0.308636 0.186697 0.352938 0.000394 0.151335
0.036180 0.034907 0.904374 0.015191 0.009349
0.319170 0.171722 0.402635 0.000010 0.106463
0.000010 0.000010 0.999960 0.000010 0.000010
0.304035 0.214866 0.320717 0.000010 0.160372
0.356043 0.181489 0.300128 0.000010 0.162329
0.287561 0.182691 0.378555 0.000010 0.151183
0.297964 0.145732 0.384970 0.000010 0.171324
0.000010 0.026585 0.939820 0.033575 0.000010
0.000010 0.000010 0.999960 0.000010 0.000010
0.024689 0.008269 0.928850 0.038182 0.000010
0.069378 0.043613 0.826224 0.000010 0.060775
0.041431 0.015404 0.943145 0.000010 0.000010
0.384400 0.128209 0.306532 0.043962 0.136897
0.014420 0.145186 0.054713 0.001079 0.784602
0.000010 0.156580 0.039646 0.053987 0.749777
0.028978 0.110174 0.066347 0.000010 0.794491
0.000010 0.130902 0.066579 0.010847 0.791662
0.000382 0.129922 0.061436 0.000010 0.808250
0.000010 0.121929 0.054001 0.002829 0.821230
0.019275 0.138030 0.055127 0.000010 0.787558
0.031667 0.132493 0.064980 0.006173 0.764686
0.000010 0.129611 0.043407 0.000010 0.826962
0.346601 0.180745 0.297027 0.000010 0.175617
0.366392 0.159874 0.291975 0.000010 0.181749
0.339580 0.208436 0.282769 0.000010 0.169205
0.355694 0.193996 0.286961 0.000010 0.163339
0.331102 0.152389 0.362823 0.022976 0.130710
0.388389 0.131247 0.319377 0.000010 0.160976
0.329060 0.143873 0.324893 0.000010 0.202164
0.300266 0.219061 0.325422 0.000010 0.155241
0.356532 0.140552 0.305728 0.003584 0.193604
0.353508 0.176697 0.280326 0.000010 0.189459
0.360977 0.178906 0.262350 0.000010 0.197757
0.348326 0.207879 0.271667 0.000010 0.172118
0.349926 0.172307 0.308613 0.000010 0.169144
0.341501 0.204069 0.289891 0.000010 0.164529
0.373510 0.171003 0.280986 0.000010 0.174492
0.361321 0.175814 0.282139 0.012372 0.168354
0.307197 0.202744 0.316314 0.000010 0.173736
0.336230 0.179336 0.273151 0.000010 0.211273
0.362917 0.154965 0.279181 0.009741 0.193196
0.331703 0.192606 0.303900 0.000010 0.171782
0.000010 0.000010 0.989564 0.010406 0.000010
0.373066 0.161127 0.275906 0.025254 0.164646
0.342173 0.206084 0.305383 0.000010 0.146350
0.340507 0.200425 0.284523 0.000010 0.174535
0.335465 0.187479 0.317840 0.000010 0.159206
0.344961 0.181769 0.302233 0.000010 0.171027
0.333595 0.204118 0.291916 0.000010 0.170361
0.354800 0.184559 0.273481 0.000010 0.187149
0.292535 0.204448 0.333470 0.000010 0.169537
0.314691 0.200391 0.322120 0.000010 0.162788
0.319011 0.200689 0.303752 0.000010 0.176538
0.341558 0.180881 0.288624 0.018215 0.170721
0.333247 0.184386 0.292192 0.000010 0.190166
0.361063 0.184063 0.263517 0.000010 0.191346
0.313477 0.199133 0.320548 0.000010 0.166832
0.358655 0.201819 0.304551 0.002028 0.132946
0.340262 0.179115 0.295727 0.000010 0.184886
0.341502 0.176391 0.270164 0.004024 0.207920
0.355755 0.191321 0.269324 0.005297 0.178304
0.053514 0.015645 0.011203 0.486163 0.433475
0.017109 0.065061 0.009887 0.525558 0.382384
0.014773 0.065853 0.000010 0.510271 0.409093
0.058907 0.056026 0.000010 0.460248 0.424810
0.007723 0.055585 0.000010 0.522957 0.413725
0.000010 0.082485 0.000608 0.499094 0.417803
0.000010 0.056623 0.007300 0.513271 0.422796
0.042645 0.040749 0.005675 0.512736 0.398195
0.038378 0.045262 0.000010 0.483687 0.432662
0.000148 0.065024 0.006667 0.508103 0.420059
0.010559 0.048644 0.006211 0.534305 0.400280
0.002410 0.059318 0.000010 0.519904 0.418359
0.010033 0.051852 0.010803 0.489640 0.437672
0.080422 0.033926 0.006344 0.717596 0.161712
0.087668 0.035933 0.017740 0.687347 0.171313
0.085126 0.010844 0.034066 0.730488 0.139477
0.081596 0.019327 0.000010 0.737685 0.161382
0.078926 0.031426 0.016582 0.674167 0.198899
0.050048 0.032911 0.040521 0.692792 0.183728
0.053025 0.051723 0.024663 0.674633 0.195955
0.052498 0.063255 0.029641 0.704267 0.150339
0.068729 0.024732 0.000010 0.686184 0.220345
0.081809 0.039996 0.015726 0.709359 0.153111
0.054011 0.045807 0.014005 0.737321 0.148856
0.100912 0.043439 0.016941 0.713352 0.125355
0.119377 0.019663 0.017272 0.704006 0.139682
0.089553 0.001293 0.027314 0.721173 0.160668
0.085561 0.043791 0.031106 0.709952 0.129589
0.085206 0.025912 0.031227 0.695893 0.161762
0.130440 0.015125 0.009814 0.733864 0.110758
0.090243 0.040446 0.025536 0.670789 0.172986
0.059776 0.036203 0.019839 0.683636 0.200546
0.071851 0.021138 0.028764 0.719632 0.158616
0.088247 0.038706 0.014725 0.694308 0.164014
0.066779 0.030331 0.026879 0.705196 0.170816
0.024252 0.119410 0.051630 0.000010 0.804697
0.014336 0.137980 0.040111 0.000010 0.807563
0.000010 0.125613 0.044296 0.000010 0.830071
0.019006 0.101387 0.057701 0.000010 0.821897
0.000010 0.110653 0.062405 0.000010 0.826922
0.003981 0.148728 0.064841 0.000010 0.782441
0.028910 0.157629 0.062562 0.000010 0.750890
0.000010 0.135996 0.029771 0.000010 0.834213
0.008025 0.122153 0.065054 0.000010 0.804758
0.041555 0.127082 0.061092 0.000010 0.770261
0.011701 0.164382 0.060776 0.000010 0.763131
0.006565 0.148101 0.032191 0.000010 0.813133
0.025317 0.127225 0.052512 0.000010 0.794936
0.000010 0.128881 0.070441 0.000010 0.800658
0.011851 0.136708 0.059900 0.000010 0.791531
0.040222 0.093167 0.055116 0.020513 0.790982
0.040723 0.132736 0.047558 0.022840 0.756143
0.000010 0.140446 0.046011 0.006949 0.806584
0.000010 0.009921 0.014850 0.203232 0.771987
0.000010 0.000010 0.017560 0.234356 0.748064
0.000010 0.003439 0.003913 0.229620 0.763017
0.000010 0.000010 0.000010 0.213982 0.785988
0.000010 0.000010 0.011952 0.236612 0.751416
0.005145 0.000010 0.000010 0.236420 0.758416
0.004955 0.022903 0.010972 0.217794 0.743376
0.000010 0.014051 0.003645 0.223278 0.759015
0.000010 0.000010 0.003049 0.263494 0.733437
0.000010 0.000010 0.000010 0.248910 0.751060
0.009628 0.004459 0.000942 0.250830 0.734141
0.000010 0.000010 0.000010 0.209474 0.790496
0.000010 0.000010 0.000010 0.244482 0.755488
0.000010 0.000010 0.011029 0.235117 0.753834
0.000010 0.000010 0.013254 0.219927 0.766799
0.021784 0.000010 0.000010 0.192426 0.785770
0.000010 0.000010 0.000010 0.218850 0.781120
0.000010 0.000010 0.001316 0.230816 0.767847
0.000010 0.003043 0.000010 0.219772 0.777166
0.000010 0.000010 0.000010 0.203155 0.796815
0.621185 0.045078 0.000010 0.251423 0.082305
0.632472 0.036436 0.000010 0.238993 0.092089
0.604610 0.069770 0.000010 0.204355 0.121256
0.579965 0.068066 0.027493 0.258763 0.065713
0.597515 0.083771 0.006425 0.197229 0.115060
0.618537 0.063499 0.013629 0.227067 0.077268
0.483822 0.038433 0.016304 0.349017 0.112424
0.584481 0.067825 0.000010 0.271746 0.075938
0.626054 0.099893 0.001774 0.196340 0.075939
0.608097 0.070180 0.004254 0.237627 0.079842
0.642311 0.067855 0.005814 0.219656 0.064364
0.627038 0.061582 0.000010 0.205319 0.106051
0.594452 0.052792 0.000010 0.223133 0.129612
0.568711 0.056253 0.022785 0.211865 0.140386
0.675140 0.022525 0.028928 0.230260 0.043147
0.140891 0.000010 0.014834 0.844255 0.000010
0.165216 0.083007 0.022799 0.350696 0.378282
0.149590 0.100728 0.038582 0.377198 0.333902
0.086182 0.084962 0.026654 0.457014 0.345189
0.000010 0.016992 0.000010 0.739728 0.243260
0.591722 0.089343 0.115433 0.144639 0.058863
0.577364 0.096253 0.092716 0.165135 0.068532
0.435807 0.125708 0.296027 0.052283 0.090175
0.355447 0.239142 0.273396 0.022240 0.109775
0.395410 0.142967 0.266835 0.009611 0.185177
0.166896 0.093766 0.027649 0.374776 0.336913
0.208649 0.089714 0.057664 0.342296 0.301677
0.094133 0.078486 0.025431 0.476089 0.325861
0.000010 0.034614 0.006013 0.714008 0.245355
0.585767 0.112653 0.097664 0.177930 0.025986
0.590566 0.110982 0.110839 0.154215 0.033398
0.517966 0.139114 0.109302 0.015327 0.218291
0.487475 0.147397 0.147418 0.126148 0.091562
0.190766 0.126063 0.637314 0.000010 0.045847
0.411294 0.175571 0.228873 0.033470 0.150792
0.208322 0.088028 0.040658 0.333950 0.329042
0.062843 0.057966 0.046897 0.542241 0.290053
0.138246 0.042295 0.008686 0.494883 0.315890
0.000010 0.022685 0.000010 0.755703 0.221592
0.560010 0.143474 0.130216 0.147317 0.018983
0.421295 0.152482 0.186863 0.065326 0.174033
0.390302 0.167043 0.201677 0.049688 0.191290
0.327727 0.160572 0.404633 0.003349 0.103720
0.411296 0.151063 0.235631 0.009639 0.192371
0.168950 0.112098 0.040509 0.340818 0.337625
0.079523 0.067132 0.026185 0.501402 0.325759
0.057543 0.077458 0.029270 0.511364 0.324365
0.000010 0.000010 0.023842 0.732133 0.244004
0.380467 0.174276 0.239790 0.032227 0.173240
0.409534 0.160816 0.216702 0.023824 0.189123
0.421546 0.175426 0.168099 0.095130 0.139799
0.412515 0.168634 0.195316 0.018304 0.205232
0.386162 0.178295 0.280999 0.002005 0.152539
0.207675 0.087630 0.040951 0.312543 0.351202
0.101562 0.068058 0.024614 0.511979 0.293787
0.000010 0.035701 0.011515 0.738648 0.214127
0.000010 0.065694 0.010998 0.722092 0.201205
0.595671 0.118413 0.071836 0.147129 0.066951
0.436989 0.154990 0.318705 0.052837 0.036479
0.397612 0.185221 0.181009 0.000010 0.236148
0.178078 0.116501 0.618683 0.000010 0.086728
0.394134 0.164678 0.255941 0.038710 0.146537
0.193849 0.094549 0.031935 0.362795 0.316873
0.062151 0.070994 0.022601 0.510541 0.333713
0.007337 0.037572 0.002329 0.692478 0.260285
0.015390 0.036514 0.004440 0.708877 0.234778
0.602783 0.125340 0.092532 0.157973 0.021372
0.432089 0.160744 0.190747 0.028484 0.187937
0.220956 0.090626 0.647999 0.000010 0.040409
0.370030 0.178915 0.338290 0.023234 0.089531
0.397069 0.106933 0.274226 0.044657 0.177115
0.199953 0.065837 0.080434 0.328930 0.324846
0.095431 0.084350 0.011923 0.517771 0.290524
0.000010 0.051535 0.000010 0.754724 0.193720
0.614023 0.064141 0.121380 0.173918 0.026539
0.437002 0.139786 0.283420 0.065970 0.073823
0.398910 0.159526 0.197728 0.049185 0.194650
0.477479 0.141226 0.203497 0.083678 0.094120
0.162344 0.104240 0.033285 0.369449 0.330682
0.149201 0.080766 0.030956 0.448159 0.290918
0.000010 0.020401 0.025976 0.701051 0.252562
0.446619 0.132919 0.296436 0.067764 0.056262
0.393418 0.152359 0.266760 0.007249 0.180214
0.258329 0.116216 0.582297 0.000010 0.043149
0.383901 0.167647 0.262618 0.038319 0.147515
0.418371 0.174170 0.243791 0.014762 0.148907
0.640246 0.029515 0.006851 0.244030 0.079358
0.614703 0.047944 0.015549 0.264758 0.057046
0.731827 0.027919 0.001267 0.110216 0.128771
0.691691 0.003895 0.000761 0.268154 0.035500
0.632251 0.045685 0.000010 0.272538 0.049516
0.719296 0.029542 0.000010 0.129643 0.121509
0.539162 0.146584 0.102290 0.035906 0.176058
0.589319 0.065557 0.020591 0.289293 0.035240
0.584998 0.000010 0.035081 0.379902 0.000010
0.625361 0.028084 0.004061 0.269108 0.073386
0.666411 0.031459 0.024981 0.268573 0.008576
0.721883 0.049905 0.008030 0.066264 0.153918
0.644179 0.053418 0.014982 0.246064 0.041357
0.605890 0.044245 0.021763 0.272313 0.055788
0.728039 0.066482 0.000010 0.131453 0.074016
0.717581 0.047436 0.000010 0.163311 0.071662
0.545570 0.148225 0.060970 0.077029 0.168204
0.579882 0.083968 0.000010 0.308889 0.027251
0.587891 0.077030 0.035939 0.256455 0.042685
0.571468 0.000010 0.025847 0.402665 0.000010
0.632820 0.018895 0.020879 0.327396 0.000010
0.618011 0.026736 0.020412 0.250325 0.084516
0.704707 0.070243 0.013343 0.072762 0.138945
0.740841 0.061232 0.007814 0.079084 0.111029
0.640263 0.037283 0.003195 0.277565 0.041695
0.579883 0.055193 0.000010 0.301816 0.063098
0.742513 0.026736 0.000010 0.113000 0.117741
0.549372 0.144952 0.065576 0.062810 0.177290
0.514344 0.188541 0.115846 0.038643 0.142626
0.567595 0.000010 0.032841 0.399544 0.000010
0.676815 0.015749 0.000010 0.238735 0.068691
0.695134 0.107399 0.005672 0.070388 0.121406
0.707825 0.065278 0.024501 0.082027 0.120369
0.680374 0.028024 0.000010 0.250515 0.041076
0.598472 0.061415 0.015588 0.261711 0.062815
0.701104 0.034119 0.022629 0.127161 0.114987
0.524763 0.156816 0.111044 0.052371 0.155004
0.547860 0.147904 0.085322 0.054994 0.163919
0.581530 0.026206 0.012444 0.315872 0.063948
0.575466 0.073359 0.024380 0.278282 0.048513
0.558576 0.000010 0.028809 0.412595 0.000010
0.650489 0.028156 0.015845 0.244735 0.060775
0.750113 0.057079 0.007636 0.071459 0.113714
0.618124 0.050634 0.006188 0.256522 0.068532
0.621478 0.060149 0.001822 0.274715 0.041837
0.605711 0.085557 0.012039 0.274141 0.022552
0.745970 0.056990 0.000010 0.099980 0.097050
0.546010 0.149737 0.067953 0.092354 0.143946
0.567797 0.064829 0.029058 0.280295 0.058020
0.581515 0.059626 0.009841 0.286105 0.062914
0.583206 0.046745 0.032494 0.262952 0.074602
0.592860 0.000010 0.014241 0.392879 0.000010
0.647004 0.016589 0.000010 0.256055 0.080342
0.667857 0.095934 0.000010 0.080535 0.155664
0.677162 0.012972 0.000010 0.251803 0.058053
0.644725 0.031135 0.000010 0.254712 0.069418
0.603752 0.050185 0.000010 0.305733 0.040320
0.704860 0.088499 0.000010 0.121269 0.085361
0.524876 0.172791 0.068957 0.076378 0.156998
0.578052 0.052238 0.014011 0.327917 0.027781
0.576051 0.041425 0.000010 0.318987 0.063528
0.583098 0.031989 0.000010 0.321749 0.063155
0.620655 0.000010 0.035284 0.344041 0.000010
0.672423 0.015262 0.000010 0.237054 0.075250
0.679186 0.095457 0.000010 0.089852 0.135495
0.638657 0.029422 0.006482 0.272919 0.052521
0.570105 0.074216 0.028421 0.285062 0.042195
0.690207 0.083917 0.027848 0.074941 0.123087
0.475629 0.185926 0.126114 0.020060 0.192272
0.618787 0.034506 0.017261 0.284482 0.044963
0.587163 0.054446 0.028759 0.168439 0.161193
0.577862 0.066941 0.051274 0.268691 0.035232
0.547431 0.000010 0.039698 0.412850 0.000010
0.629502 0.005220 0.000010 0.255457 0.109812
0.731809 0.076517 0.005610 0.097113 0.088951
0.706473 0.005603 0.010415 0.214284 0.063226
0.616641 0.046118 0.000010 0.279861 0.057370
0.620814 0.034023 0.000010 0.254936 0.090217
0.681739 0.073803 0.028850 0.098335 0.117273
0.523248 0.163398 0.097747 0.040726 0.174880
0.622916 0.052015 0.006589 0.288677 0.029803
0.602854 0.039764 0.018664 0.284145 0.054572
0.517564 0.096934 0.027411 0.284920 0.073171
0.581869 0.000010 0.029162 0.388948 0.000010
0.023109 0.046378 0.020618 0.686770 0.223126
0.086182 0.008111 0.018074 0.658792 0.228840
0.077900 0.079716 0.013677 0.539985 0.288722
0.000010 0.040988 0.000010 0.742229 0.216764
0.153407 0.021461 0.000010 0.666071 0.159052
0.249101 0.000010 0.030798 0.720081 0.000010
0.016325 0.045485 0.020043 0.660557 0.257591
0.068077 0.022938 0.029392 0.592430 0.287163
0.002691 0.040749 0.000010 0.729333 0.227217
0.003903 0.018574 0.000010 0.758563 0.218950
0.122842 0.001482 0.019221 0.675499 0.180955
0.264130 0.000010 0.030332 0.705519 0.000010
0.081047 0.043294 0.005659 0.638228 0.231772
0.101423 0.030196 0.028290 0.610342 0.229749
0.000010 0.027029 0.000896 0.739867 0.232198
0.000010 0.015013 0.016582 0.778236 0.190160
0.153583 0.025880 0.015558 0.686818 0.118161
0.249499 0.000010 0.040737 0.709743 0.000010
0.047157 0.040865 0.016158 0.667150 0.228670
0.062852 0.020641 0.035308 0.632009 0.249190
0.000010 0.032005 0.000010 0.721135 0.246840
0.084559 0.052470 0.037580 0.698252 0.127138
0.108139 0.069268 0.000010 0.687426 0.135157
0.276376 0.000010 0.022347 0.696394 0.004873
0.045453 0.057155 0.014189 0.663755 0.219448
0.042272 0.086065 0.015313 0.623343 0.233007
0.000010 0.042847 0.000010 0.717912 0.239220
0.122367 0.004120 0.028929 0.682542 0.162043
0.116315 0.034489 0.014585 0.666509 0.168102
0.299898 0.000010 0.017788 0.682293 0.000010
0.056846 0.063845 0.025903 0.610447 0.242959
0.045661 0.069584 0.021950 0.642573 0.220233
0.000010 0.071541 0.000010 0.699704 0.228735
0.095761 0.031975 0.032990 0.726183 0.113092
0.259575 0.000010 0.036071 0.704334 0.000010
0.267118 0.012996 0.013935 0.705941 0.000010
0.000010 0.085381 0.000010 0.665344 0.249255
0.012666 0.070315 0.011776 0.609818 0.295425
0.064896 0.082354 0.011607 0.573260 0.267882
0.000010 0.050588 0.012789 0.693538 0.243075
0.115471 0.010977 0.007111 0.691275 0.175166
0.254894 0.000010 0.020853 0.724234 0.000010
0.229126 0.000010 0.034787 0.730390 0.005687
0.000010 0.070477 0.010098 0.645004 0.274410
0.069203 0.030967 0.031590 0.655676 0.212564
0.023587 0.087836 0.024441 0.610504 0.253632
0.000010 0.039071 0.016140 0.725914 0.218865
0.104829 0.033579 0.009095 0.693326 0.159171
0.302774 0.000010 0.006596 0.690610 0.000010
0.192263 0.108325 0.627995 0.000010 0.071406
0.027052 0.080206 0.014814 0.522264 0.355664
0.034829 0.060266 0.017548 0.543604 0.343753
0.042444 0.090042 0.012514 0.536505 0.318494
0.019035 0.042206 0.000010 0.569562 0.369187
0.182399 0.126826 0.045856 0.239027 0.405892
0.086278 0.074055 0.011450 0.487714 0.340504
0.064697 0.051791 0.011345 0.516536 0.355632
0.000010 0.041288 0.000010 0.560100 0.398592
0.031806 0.015376 0.000010 0.555092 0.397716
0.536614 0.151558 0.061193 0.001850 0.248784
0.099107 0.088363 0.032953 0.487838 0.291739
0.039166 0.060302 0.016660 0.547220 0.336651
0.008539 0.046740 0.004134 0.526338 0.414249
0.029096 0.048775 0.001695 0.537615 0.382820
0.268046 0.171967 0.065215 0.175149 0.319624
0.017367 0.093801 0.021737 0.512015 0.355080
0.057089 0.052451 0.026128 0.521121 0.343210
0.024594 0.070969 0.000010 0.536338 0.368090
0.003461 0.045969 0.000010 0.562904 0.387657
0.328296 0.167195 0.103552 0.094236 0.306722
0.634259 0.055410 0.000010 0.258444 0.051878
0.066257 0.083323 0.016444 0.469982 0.363994
0.067613 0.081743 0.011303 0.495994 0.343347
0.046711 0.037747 0.003761 0.547831 0.363950
0.035618 0.024274 0.000010 0.553172 0.386927
0.215035 0.101345 0.056554 0.265162 0.361904
0.069685 0.062337 0.033148 0.496082 0.338748
0.117380 0.076090 0.019090 0.480035 0.307405
0.032722 0.120692 0.021342 0.493869 0.331375
0.011290 0.041856 0.000010 0.549571 0.397273
0.059500 0.075348 0.032640 0.537344 0.295168
0.066890 0.064880 0.039196 0.474886 0.354148
0.037600 0.070375 0.027094 0.548158 0.316774
0.018244 0.054193 0.000010 0.571826 0.355727
0.070923 0.092290 0.017833 0.481410 0.337544
0.040986 0.062643 0.020098 0.534646 0.341627
0.044194 0.073369 0.000010 0.564936 0.317491
0.000010 0.054824 0.002716 0.581822 0.360628
0.250370 0.119716 0.079484 0.209358 0.341072
0.033690 0.042633 0.000010 0.511510 0.412157
0.069624 0.048486 0.000010 0.504601 0.377278
0.030158 0.018782 0.010195 0.531662 0.409203
0.045728 0.051510 0.000010 0.519616 0.383136
0.033041 0.066937 0.008767 0.474079 0.417175
0.020421 0.035104 0.015726 0.504532 0.424217
0.048254 0.062531 0.012258 0.451006 0.425951
0.064389 0.026204 0.015399 0.472537 0.421471
0.031590 0.075543 0.000989 0.471246 0.420631
0.070569 0.016865 0.000010 0.478074 0.434481
0.050334 0.059118 0.000010 0.472914 0.417624
0.100757 0.046798 0.069688 0.250669 0.532088
0.047231 0.065270 0.087324 0.298223 0.501951
0.068501 0.039810 0.051769 0.249772 0.590148
0.059893 0.089125 0.062883 0.226060 0.562039
0.063316 0.073797 0.049230 0.284613 0.529044
0.057638 0.080283 0.047062 0.271646 0.543372
0.064146 0.092308 0.091770 0.249464 0.502311
0.032409 0.084575 0.067352 0.279533 0.536130
0.055932 0.030182 0.033189 0.287962 0.592735
0.050608 0.035650 0.037674 0.289697 0.586371
0.035537 0.010868 0.020545 0.296565 0.636485
0.008281 0.030645 0.003983 0.269046 0.688046
0.011464 0.026870 0.016770 0.294664 0.650232
0.088862 0.045944 0.063202 0.254502 0.547490
0.085138 0.091523 0.066606 0.245069 0.511664
0.049862 0.074594 0.061754 0.268313 0.545478
0.094414 0.060993 0.049975 0.268624 0.525995
0.085358 0.031195 0.035003 0.310722 0.537722
0.089233 0.075451 0.031149 0.284310 0.519858
0.060323 0.042225 0.050237 0.255893 0.591323
0.028878 0.052793 0.050825 0.304940 0.562563
0.100577 0.062284 0.039001 0.261936 0.536202
0.050366 0.061250 0.053747 0.263863 0.570774
0.098299 0.073620 0.027238 0.269202 0.531641
0.078847 0.088078 0.036096 0.281725 0.515255
0.088195 0.068554 0.063882 0.238205 0.541164
0.079566 0.073020 0.053514 0.272113 0.521787
0.107134 0.061708 0.050055 0.229960 0.551143
0.077891 0.070036 0.051876 0.251953 0.548245
0.082113 0.075382 0.048544 0.234121 0.559840
0.069948 0.068226 0.066110 0.226832 0.568884
0.103804 0.053428 0.052916 0.268295 0.521555
0.132235 0.116035 0.067128 0.199400 0.485202
0.040770 0.013902 0.000010 0.784846 0.160472
0.000010 0.024483 0.031003 0.686353 0.258151
0.000010 0.064437 0.031182 0.709444 0.194927
0.042265 0.044724 0.022054 0.720028 0.170929
0.086821 0.049426 0.000010 0.458945 0.404799
0.053602 0.042645 0.014302 0.731653 0.157798
0.037826 0.044621 0.000010 0.457385 0.460158
0.032036 0.004556 0.024950 0.757055 0.181404
0.064489 0.000010 0.032566 0.764004 0.138930
0.080462 0.037451 0.056679 0.268605 0.556804
0.061440 0.054257 0.046248 0.266186 0.571869
0.038144 0.069398 0.040477 0.247654 0.604327
0.039629 0.061117 0.052383 0.282205 0.564666
0.062353 0.043162 0.038170 0.274731 0.581584
0.015076 0.003831 0.001282 0.260225 0.719586
0.046564 0.059517 0.040758 0.248854 0.604307
0.000010 0.016857 0.018570 0.254349 0.710214
0.031668 0.032418 0.029768 0.239880 0.666267
0.035416 0.083677 0.026973 0.266233 0.587701
0.067816 0.075498 0.078039 0.241967 0.536681
0.041539 0.094604 0.048242 0.304125 0.511490
0.091491 0.073055 0.065784 0.249356 0.520314
0.057255 0.044820 0.066869 0.320417 0.510639
0.072695 0.104900 0.067749 0.264633 0.490024
0.052722 0.068713 0.037278 0.285508 0.555779
0.021102 0.112795 0.041703 0.253779 0.570621
0.061376 0.060741 0.037576 0.244760 0.595547
0.041684 0.054814 0.050098 0.310923 0.542480
0.054887 0.064594 0.036255 0.258747 0.585517
0.085632 0.089046 0.023919 0.285936 0.515467
0.050262 0.039431 0.068625 0.258183 0.583499
0.076391 0.037359 0.030010 0.238355 0.617885
0.061044 0.078914 0.078967 0.241971 0.539104
0.097509 0.070785 0.064778 0.244539 0.522389
0.030441 0.040819 0.000010 0.500455 0.428275
0.240530 0.127897 0.114337 0.160738 0.356498
0.211145 0.117719 0.121192 0.143482 0.406462
0.093809 0.063138 0.027384 0.446508 0.369162
0.015053 0.041411 0.007888 0.544725 0.390923
0.017039 0.057535 0.000010 0.559462 0.365954
0.092391 0.086509 0.051882 0.454268 0.314949
0.051821 0.151523 0.016158 0.439092 0.341406
0.218558 0.117916 0.102670 0.152100 0.408757
0.202081 0.119055 0.048313 0.236679 0.393871
0.233034 0.173050 0.086890 0.137492 0.369534
0.000010 0.000010 0.000010 0.232068 0.767902
0.230194 0.132979 0.090625 0.146959 0.399242
0.062199 0.071892 0.028053 0.444871 0.392984
0.014385 0.075021 0.000010 0.520749 0.389835
0.057099 0.116562 0.034813 0.490438 0.301087
0.200196 0.169485 0.124750 0.115434 0.390135
0.009321 0.055216 0.007693 0.520699 0.407071
0.211904 0.157245 0.102882 0.133786 0.394183
0.480235 0.107000 0.094366 0.131675 0.186725
0.219907 0.151112 0.116483 0.143959 0.368538
0.044043 0.017588 0.008049 0.524216 0.406104
0.172528 0.161963 0.101552 0.157722 0.406235
0.000010 0.037051 0.009378 0.538628 0.414933
0.098177 0.136794 0.032689 0.415180 0.317160
0.006637 0.064578 0.000010 0.550950 0.377825
0.213215 0.095537 0.072337 0.232366 0.386544
0.240369 0.137053 0.110775 0.115908 0.395896
0.000010 0.000010 0.000010 0.234246 0.765724
0.184522 0.135608 0.056364 0.284234 0.339271
0.216298 0.122409 0.049034 0.251708 0.360551
0.018295 0.063642 0.000010 0.554157 0.363896
0.194516 0.131955 0.053381 0.242430 0.377718
0.053606 0.127590 0.039124 0.446502 0.333179
0.000010 0.053166 0.000010 0.525876 0.420938
0.016147 0.044699 0.000010 0.278243 0.660900
0.224676 0.107470 0.046206 0.242690 0.378958
0.207147 0.132729 0.080987 0.167315 0.411821
0.054893 0.115076 0.031080 0.458975 0.339977
0.235193 0.116287 0.108174 0.119831 0.420515
0.219784 0.136923 0.063080 0.210401 0.369812
0.048510 0.101548 0.052600 0.452084 0.345257
0.228244 0.142011 0.113657 0.108607 0.407482
0.015898 0.028430 0.031009 0.263936 0.660728
0.045986 0.001446 0.006870 0.237774 0.707923
0.249113 0.109997 0.095985 0.164768 0.380138
0.504682 0.052274 0.075906 0.230319 0.136819
0.231313 0.135890 0.102770 0.138619 0.391408
0.241470 0.140432 0.101825 0.135102 0.381171
0.000010 0.073255 0.004996 0.560852 0.360887
0.384842 0.177901 0.118129 0.000010 0.319118
0.100810 0.087375 0.029411 0.397017 0.385387
0.179316 0.139754 0.068931 0.255766 0.356233
0.230201 0.116382 0.056774 0.222351 0.374293
0.406633 0.125567 0.047827 0.208378 0.211594
0.000010 0.000010 0.000010 0.231599 0.768371
0.207397 0.146579 0.059155 0.206137 0.380732
0.516802 0.057431 0.067529 0.231297 0.126940
0.005672 0.066338 0.005608 0.556508 0.365874
0.024872 0.023310 0.031330 0.254070 0.666419
0.000010 0.000010 0.007363 0.229229 0.763388
0.000010 0.005597 0.000010 0.195133 0.799251
0.201392 0.134223 0.037860 0.242325 0.384201
0.245014 0.107725 0.074693 0.238636 0.333932
0.298364 0.134545 0.121282 0.111258 0.334551
0.187179 0.102133 0.058269 0.248723 0.403697
0.234986 0.179531 0.118968 0.083959 0.382557
0.182071 0.141414 0.036525 0.256397 0.383594
0.333158 0.079408 0.082445 0.302845 0.202144
0.368346 0.189973 0.126964 0.012003 0.302715
0.028052 0.000335 0.014486 0.297968 0.659158
0.354798 0.141649 0.094013 0.085685 0.323855
0.259228 0.113050 0.119219 0.141354 0.367149
0.519726 0.099430 0.088737 0.132601 0.159507
0.000010 0.000010 0.002131 0.209605 0.788245
0.337020 0.179102 0.137975 0.027580 0.318322
0.455102 0.083553 0.081850 0.218637 0.160857
0.207319 0.142313 0.029198 0.244247 0.376922
0.229807 0.142301 0.050302 0.233507 0.344084
0.006396 0.054221 0.015363 0.253751 0.670269
0.363278 0.161551 0.144178 0.017955 0.313037
0.386270 0.184397 0.192913 0.000010 0.236410
0.520388 0.130915 0.093468 0.127541 0.127689
0.183021 0.172479 0.061311 0.209355 0.373834
0.040651 0.001496 0.013788 0.242016 0.702050
0.578541 0.148256 0.062323 0.000010 0.210870
0.000010 0.000010 0.000010 0.225636 0.774334
0.442094 0.077676 0.101848 0.238668 0.139715
0.507218 0.104287 0.045176 0.156562 0.186757
0.539963 0.172366 0.054234 0.000010 0.233427
0.169224 0.135549 0.068572 0.222449 0.404206
0.230294 0.124203 0.044631 0.236018 0.364854
0.328408 0.167681 0.150374 0.016829 0.336708
0.251781 0.145943 0.122099 0.099797 0.380381
0.552923 0.138366 0.056843 0.025649 0.226219
0.000010 0.000010 0.000010 0.213229 0.786741
0.417094 0.153873 0.162122 0.000010 0.266901
0.506674 0.091310 0.084414 0.190055 0.127546
0.525040 0.100116 0.076632 0.114140 0.184072
0.191420 0.128024 0.034394 0.252684 0.393478
0.399453 0.195550 0.180722 0.001390 0.222885
0.488795 0.054217 0.076914 0.256522 0.123551
0.000010 0.000010 0.001417 0.209339 0.789224
0.480430 0.116848 0.108049 0.139479 0.155195
0.516466 0.073958 0.066172 0.249136 0.094268
0.251136 0.091209 0.055262 0.367450 0.234944
0.471330 0.091704 0.090614 0.212165 0.134187
0.471683 0.121230 0.068229 0.149071 0.189788
0.402054 0.134771 0.065661 0.216769 0.180744
0.498536 0.065028 0.081862 0.260031 0.094543
0.552241 0.102156 0.063862 0.183841 0.097899
0.286574 0.115101 0.066744 0.265913 0.265668
0.406165 0.176324 0.177321 0.017040 0.223151
0.593805 0.102954 0.089614 0.127385 0.086242
0.561464 0.158075 0.029768 0.033106 0.217587
0.491565 0.088977 0.086196 0.210230 0.123032
0.551096 0.129675 0.108623 0.125021 0.085585
0.481107 0.090342 0.051449 0.279012 0.098090
0.553466 0.084319 0.087634 0.193111 0.081470
0.544894 0.078526 0.083853 0.152921 0.139806
0.575572 0.151410 0.044375 0.033544 0.195099
0.418736 0.105176 0.069356 0.224980 0.181751
0.496443 0.121925 0.097815 0.122454 0.161363
0.488651 0.095218 0.058924 0.180108 0.177099
0.182475 0.122717 0.036282 0.321939 0.336588
0.465607 0.134296 0.133094 0.128865 0.138137
0.586773 0.123027 0.034287 0.000010 0.255903
0.522799 0.099093 0.087586 0.132813 0.157708
0.512649 0.121331 0.097489 0.151826 0.116704
0.564457 0.169295 0.049749 0.022204 0.194294
0.393909 0.095414 0.084126 0.229222 0.197328
0.495370 0.154654 0.075962 0.105277 0.168737
0.558506 0.126443 0.070785 0.055661 0.188604
0.440397 0.134369 0.133757 0.103190 0.188287
0.533554 0.089227 0.073309 0.226709 0.077201
0.506844 0.049328 0.077933 0.243427 0.122468
0.436433 0.119922 0.066117 0.234369 0.143160
0.538697 0.091091 0.092887 0.099279 0.178046
0.545208 0.068609 0.104340 0.203898 0.077945
0.600341 0.148888 0.024371 0.000010 0.226390
0.530255 0.083941 0.097108 0.163670 0.125026
0.494719 0.091937 0.107581 0.156460 0.149303
0.027779 0.048981 0.000010 0.441414 0.481817
0.012767 0.065934 0.029356 0.439631 0.452313
0.117216 0.094115 0.046527 0.312052 0.430089
0.033492 0.038657 0.016996 0.452309 0.458546
0.040128 0.029663 0.010883 0.485094 0.434232
0.023603 0.072329 0.027136 0.453456 0.423476
0.068561 0.082171 0.002355 0.432373 0.414540
0.052000 0.060939 0.053089 0.378018 0.455953
0.017440 0.054088 0.001797 0.496254 0.430422
0.046252 0.032406 0.029130 0.413008 0.479204
0.034394 0.099282 0.023380 0.373116 0.469828
0.066396 0.065283 0.028760 0.372232 0.467330
0.043352 0.032663 0.000010 0.489093 0.434881
0.035095 0.021725 0.019000 0.432700 0.491480
0.014927 0.054136 0.000010 0.469571 0.461355
0.049941 0.085796 0.040391 0.363366 0.460505
0.064573 0.077713 0.055200 0.368620 0.433894
0.044732 0.068497 0.040671 0.370535 0.475565
0.047100 0.084432 0.033307 0.426706 0.408455
0.044296 0.029532 0.003190 0.487294 0.435687
0.032558 0.025076 0.005057 0.487326 0.449983
0.000010 0.060327 0.011524 0.479455 0.448684
0.063343 0.071506 0.017244 0.416504 0.431403
0.068263 0.055735 0.045314 0.423758 0.406930
0.076643 0.044284 0.025141 0.442705 0.411227
0.079804 0.046978 0.050135 0.395298 0.427786
0.064992 0.062735 0.020994 0.407484 0.443795
0.086136 0.035384 0.031284 0.401882 0.445314
0.010569 0.084157 0.033669 0.406366 0.465240
0.674298 0.136666 0.066691 0.122335 0.000010
0.639172 0.095912 0.098636 0.143668 0.022611
0.637218 0.112274 0.084251 0.166247 0.000010
0.678793 0.138525 0.042956 0.139717 0.000010
0.699704 0.100759 0.062243 0.133883 0.003412
0.676983 0.098832 0.076055 0.131047 0.017083
0.620864 0.160583 0.068839 0.142664 0.007050
0.683491 0.116561 0.067224 0.132713 0.000010
0.681672 0.122910 0.063988 0.131419 0.000010
0.664613 0.162073 0.056471 0.116833 0.000010
0.318760 0.095145 0.067665 0.082090 0.436340
0.254090 0.174991 0.096460 0.123469 0.350990
0.284676 0.087977 0.077397 0.092025 0.457925
0.249232 0.138820 0.090176 0.140099 0.381674
0.583256 0.094683 0.119660 0.131131 0.071270
0.564372 0.136715 0.125780 0.136925 0.036207
0.557356 0.127339 0.120058 0.119226 0.076021
0.610323 0.155161 0.106878 0.091940 0.035698
0.584638 0.116195 0.111887 0.139953 0.047327
0.559556 0.129582 0.095044 0.126074 0.089744
0.595815 0.117947 0.105495 0.106293 0.074451
0.566861 0.149756 0.113979 0.099345 0.070059
0.605442 0.109354 0.100809 0.114567 0.069828
0.590455 0.138953 0.094347 0.127119 0.049126
0.587332 0.126064 0.115672 0.131509 0.039424
0.579384 0.129134 0.140014 0.142812 0.008656
0.613189 0.103998 0.113627 0.169176 0.000010
0.608589 0.101359 0.128393 0.154872 0.006787
0.540426 0.134816 0.118660 0.166781 0.039317
0.559827 0.129883 0.116730 0.133961 0.059598
0.559074 0.123666 0.104998 0.160724 0.051537
0.593798 0.105779 0.124502 0.122297 0.053624
0.535468 0.123702 0.141619 0.152111 0.047099
0.595124 0.087216 0.109527 0.163984 0.044149
