0.028337 0.409906 0.490505 0.071252
0.040654 0.343406 0.514827 0.101113
0.023451 0.355766 0.503248 0.117534
0.024125 0.413267 0.473816 0.088792
0.024128 0.380396 0.532064 0.063412
0.011514 0.350486 0.489728 0.148271
0.044269 0.374643 0.518579 0.062509
0.018493 0.384282 0.521336 0.075890
0.000010 0.438405 0.492093 0.069492
0.021690 0.363898 0.523544 0.090867
0.019533 0.395083 0.525662 0.059723
0.043650 0.332307 0.549277 0.074766
0.027709 0.381820 0.513957 0.076514
0.016478 0.419779 0.491945 0.071798
0.032621 0.406426 0.489788 0.071165
0.027773 0.425500 0.474395 0.072331
0.044457 0.383605 0.470570 0.101369
0.035518 0.288837 0.638507 0.037138
0.000010 0.464938 0.478163 0.056888
0.039843 0.416441 0.488939 0.054777
0.023798 0.455629 0.467669 0.052904
0.047402 0.307854 0.524128 0.120616
0.024109 0.349351 0.528729 0.097811
0.036717 0.369362 0.510123 0.083799
0.040905 0.357677 0.526067 0.075350
0.175715 0.000010 0.252460 0.571815
0.169586 0.000010 0.246287 0.584117
0.160717 0.000010 0.279201 0.560072
0.162334 0.000010 0.237126 0.600530
0.178506 0.013518 0.268402 0.539575
0.173492 0.000010 0.254003 0.572495
0.209429 0.037841 0.232090 0.520640
0.179208 0.000010 0.249560 0.571222
0.157664 0.000010 0.239147 0.603180
0.216424 0.034854 0.235897 0.512825
0.167896 0.000010 0.233144 0.598949
0.120328 0.000010 0.213041 0.666621
0.183139 0.019660 0.258746 0.538455
0.157838 0.010325 0.245210 0.586627
0.156493 0.000010 0.227480 0.616017
0.188595 0.002069 0.255908 0.553428
0.154252 0.000010 0.223415 0.622324
0.138959 0.000010 0.262173 0.598858
0.170401 0.000010 0.237405 0.592183
0.198178 0.000010 0.268037 0.533775
0.220223 0.002436 0.272331 0.505010
0.206973 0.033757 0.230009 0.529261
0.188642 0.019585 0.256937 0.534835
0.130554 0.000010 0.242606 0.626830
0.203839 0.037577 0.224408 0.534176
0.220934 0.012093 0.269984 0.496989
0.169642 0.040271 0.272046 0.518040
0.188071 0.000010 0.224413 0.587505
0.149592 0.000010 0.261723 0.588675
0.203382 0.000010 0.261334 0.535274
0.160319 0.020262 0.229612 0.589807
0.219363 0.026640 0.244293 0.509705
0.196841 0.000010 0.258546 0.544603
0.150207 0.022825 0.238825 0.588143
0.203133 0.013647 0.269284 0.513936
0.190684 0.000010 0.247035 0.562272
0.193439 0.044805 0.258400 0.503355
0.164384 0.000010 0.241025 0.594581
0.183415 0.010321 0.270689 0.535575
0.911322 0.000010 0.000010 0.088658
0.616781 0.000010 0.129037 0.254172
0.390193 0.036640 0.171810 0.401358
0.999970 0.000010 0.000010 0.000010
0.372302 0.013586 0.190692 0.423419
0.999970 0.000010 0.000010 0.000010
0.299941 0.053057 0.153180 0.493822
0.392439 0.020406 0.160590 0.426566
0.396724 0.028066 0.153540 0.421670
0.999970 0.000010 0.000010 0.000010
0.999970 0.000010 0.000010 0.000010
0.334543 0.000010 0.219039 0.446407
0.394705 0.020956 0.156119 0.428220
0.428515 0.014595 0.162567 0.394322
0.968166 0.000010 0.000010 0.031814
0.836759 0.000010 0.048043 0.115188
0.432859 0.044474 0.158474 0.364193
0.407282 0.036951 0.159780 0.395988
0.414683 0.063779 0.126922 0.394616
0.373690 0.036536 0.195067 0.394706
0.999970 0.000010 0.000010 0.000010
0.999970 0.000010 0.000010 0.000010
0.377985 0.018279 0.166252 0.437485
0.377649 0.041953 0.177363 0.403036
0.331226 0.027397 0.183293 0.458084
0.800478 0.000010 0.064207 0.135305
0.344270 0.019850 0.165369 0.470511
0.401127 0.016834 0.185396 0.396643
0.556471 0.016120 0.137681 0.289728
0.371777 0.026004 0.175851 0.426368
0.906681 0.006258 0.019149 0.067912
0.417174 0.019493 0.131120 0.432213
0.999970 0.000010 0.000010 0.000010
0.344326 0.016336 0.195956 0.443381
0.318032 0.029182 0.181952 0.470834
0.396440 0.000010 0.186852 0.416698
0.398672 0.016794 0.189434 0.395099
0.955402 0.022686 0.018643 0.003269
0.999970 0.000010 0.000010 0.000010
0.929209 0.029787 0.002048 0.038956
0.828567 0.000010 0.065040 0.106384
0.941874 0.000010 0.000010 0.058106
0.317306 0.084304 0.141039 0.457351
0.069870 0.000010 0.808563 0.121556
0.062998 0.045535 0.793807 0.097660
0.077466 0.000010 0.806886 0.115638
0.087382 0.003994 0.820633 0.087992
0.073451 0.000010 0.824818 0.101721
0.070795 0.000010 0.845136 0.084059
0.069451 0.000010 0.805772 0.124767
0.080351 0.004696 0.786374 0.128579
0.060248 0.000010 0.849489 0.090253
0.309729 0.008635 0.207449 0.474187
0.305420 0.021828 0.199654 0.473097
0.298799 0.000010 0.213103 0.488088
0.302942 0.025979 0.190655 0.480424
0.376040 0.052066 0.145798 0.426096
0.326775 0.028234 0.170605 0.474386
0.337970 0.018048 0.217951 0.426031
0.346237 0.000010 0.198871 0.454882
0.317485 0.038056 0.201716 0.442743
0.295336 0.000010 0.222278 0.482377
0.278106 0.028157 0.218379 0.475358
0.289296 0.000010 0.214705 0.495988
0.322239 0.003875 0.200557 0.473329
0.309317 0.026801 0.193397 0.470485
0.294880 0.013471 0.200905 0.490744
0.293947 0.039857 0.190894 0.475302
0.333454 0.007444 0.212203 0.446899
0.290268 0.000010 0.244667 0.465055
0.291438 0.043880 0.205403 0.459280
0.324542 0.017177 0.200689 0.457591
0.999970 0.000010 0.000010 0.000010
0.290523 0.061402 0.177960 0.470116
0.322336 0.006066 0.186536 0.485063
0.300973 0.018986 0.206539 0.473502
0.334481 0.017924 0.188694 0.458901
0.317401 0.019817 0.196887 0.465895
0.309507 0.013786 0.206341 0.470366
0.289329 0.023028 0.212112 0.475531
0.349321 0.000010 0.208225 0.442444
0.337519 0.000010 0.203026 0.459445
0.318886 0.000010 0.217044 0.464060
0.304888 0.048344 0.192687 0.454080
0.306547 0.000010 0.225271 0.468172
0.281825 0.029446 0.210885 0.477843
0.336028 0.000010 0.207334 0.456627
0.323357 0.032273 0.160115 0.484255
0.310622 0.002318 0.218851 0.468209
0.287304 0.036403 0.225324 0.450969
0.288065 0.037957 0.200595 0.473383
0.007692 0.482458 0.462296 0.047554
0.012784 0.510373 0.432855 0.043989
0.000010 0.496115 0.458549 0.045326
0.000010 0.454714 0.464337 0.080939
0.003429 0.508388 0.460745 0.027438
0.007999 0.481910 0.473098 0.036993
0.012100 0.498484 0.472747 0.016669
0.006431 0.504788 0.437608 0.051174
0.000010 0.473911 0.472379 0.053700
0.011587 0.490888 0.470397 0.027128
0.008916 0.520433 0.446132 0.024520
0.000010 0.503409 0.468210 0.028371
0.012731 0.474900 0.482848 0.029521
0.006131 0.708950 0.215697 0.069222
0.016308 0.680347 0.222714 0.080631
0.028965 0.723441 0.187363 0.060231
0.000010 0.729703 0.210697 0.059590
0.015165 0.666475 0.248106 0.070254
0.039675 0.680024 0.236664 0.043637
0.027370 0.662875 0.251549 0.058207
0.032705 0.688651 0.213847 0.064797
0.000010 0.676742 0.268122 0.055126
0.016433 0.701702 0.206997 0.074868
0.014861 0.723516 0.208127 0.053496
0.017405 0.707308 0.180494 0.094793
0.014890 0.703837 0.183422 0.097851
0.021074 0.716488 0.205818 0.056620
0.031577 0.701533 0.184513 0.082377
0.027638 0.688640 0.211369 0.072353
0.006498 0.733670 0.155406 0.104425
0.025299 0.664868 0.222996 0.086837
0.018882 0.672700 0.252778 0.055640
0.026734 0.711218 0.209721 0.052326
0.015872 0.688114 0.215293 0.080721
0.025618 0.694090 0.224611 0.055681
0.064987 0.000010 0.818930 0.116073
0.055580 0.000010 0.827215 0.117195
0.061049 0.000010 0.854078 0.084864
0.068230 0.000010 0.832208 0.099552
0.078551 0.000010 0.848994 0.072444
0.081658 0.000010 0.802678 0.115654
0.080188 0.000010 0.776303 0.143499
0.047420 0.000010 0.857107 0.095463
0.076833 0.000010 0.820872 0.102285
0.073875 0.000010 0.787819 0.138295
0.079499 0.000010 0.788435 0.132056
0.047767 0.000010 0.830548 0.121674
0.066766 0.000010 0.811559 0.121664
0.083908 0.000010 0.819375 0.096707
0.074774 0.000010 0.809406 0.115810
0.064111 0.020550 0.802462 0.112878
0.062594 0.021345 0.778738 0.137323
0.061617 0.000010 0.833494 0.104879
0.017168 0.202779 0.779576 0.000477
0.015309 0.232983 0.751698 0.000010
0.003141 0.225404 0.771445 0.000010
0.000010 0.217132 0.782848 0.000010
0.011456 0.232253 0.756280 0.000010
0.000010 0.238524 0.759884 0.001581
0.012087 0.215015 0.751632 0.021266
0.005418 0.221952 0.769213 0.003417
0.000329 0.258670 0.740991 0.000010
0.000010 0.245628 0.754352 0.000010
0.000010 0.248124 0.739364 0.012501
0.000010 0.205308 0.794672 0.000010
0.000010 0.248909 0.751071 0.000010
0.008913 0.236641 0.754436 0.000010
0.012214 0.218820 0.768956 0.000010
0.000010 0.198324 0.780349 0.021317
0.000010 0.214661 0.785319 0.000010
0.000213 0.230607 0.769170 0.000010
0.000010 0.216983 0.782997 0.000010
0.000012 0.204172 0.795806 0.000010
0.000010 0.336632 0.054136 0.609222
0.000010 0.325161 0.060003 0.614827
0.002123 0.285424 0.098036 0.614418
0.030285 0.334881 0.048799 0.586035
0.011608 0.276085 0.095820 0.616487
0.015704 0.309883 0.053362 0.621052
0.015277 0.410142 0.102712 0.471869
0.000010 0.347485 0.061231 0.591274
0.010303 0.280268 0.057973 0.651456
0.006511 0.317125 0.060448 0.615916
0.008429 0.307071 0.038569 0.645931
0.000778 0.290865 0.079355 0.629002
0.000010 0.303472 0.103216 0.593302
0.023572 0.286932 0.117317 0.572178
0.024879 0.324110 0.003915 0.647096
0.009793 0.845136 0.049341 0.095730
0.030419 0.361314 0.408380 0.199887
0.048234 0.382182 0.376572 0.193012
0.034195 0.453193 0.391763 0.120848
0.000010 0.706304 0.293676 0.000010
0.121505 0.221126 0.041145 0.616223
0.098466 0.239080 0.055728 0.606725
0.305901 0.102839 0.091852 0.499407
0.301606 0.053545 0.148287 0.496562
0.279988 0.055100 0.190396 0.474516
0.037121 0.384259 0.373458 0.205161
0.065380 0.357796 0.331939 0.244886
0.032242 0.471743 0.374011 0.122004
0.005794 0.685296 0.308900 0.000010
0.106541 0.251897 0.018934 0.622629
0.119352 0.228605 0.023902 0.628141
0.121557 0.083346 0.207911 0.587186
0.162307 0.184199 0.097489 0.556005
0.649930 0.000010 0.075781 0.274279
0.247012 0.078933 0.165543 0.508512
0.048124 0.350647 0.357365 0.243864
0.051097 0.533508 0.339423 0.075971
0.010315 0.500613 0.351430 0.137642
0.000010 0.725785 0.274195 0.000010
0.143210 0.214476 0.020273 0.622041
0.201389 0.112527 0.182986 0.503099
0.218855 0.091877 0.206155 0.483113
0.421132 0.035072 0.120700 0.423096
0.248476 0.054165 0.197801 0.499558
0.051563 0.349628 0.375602 0.223206
0.030984 0.495551 0.373498 0.099968
0.037258 0.501487 0.377404 0.083851
0.010243 0.703841 0.285907 0.000010
0.257819 0.071860 0.191196 0.479126
0.232517 0.066975 0.200574 0.499934
0.186718 0.141487 0.156971 0.514823
0.212877 0.065006 0.213355 0.508762
0.298421 0.040483 0.169808 0.491288
0.048081 0.328647 0.378769 0.244503
0.029106 0.507786 0.342268 0.120839
0.011429 0.708433 0.280128 0.000010
0.021557 0.691688 0.286745 0.000010
0.082714 0.224793 0.056680 0.635813
0.333710 0.100391 0.046947 0.518951
0.202101 0.024666 0.258414 0.514819
0.629060 0.000010 0.109299 0.261631
0.271759 0.080504 0.161008 0.486729
0.039924 0.377356 0.349077 0.233643
0.027335 0.500900 0.384885 0.086880
0.002427 0.673041 0.319987 0.004545
0.002362 0.687575 0.299671 0.010392
0.103584 0.234923 0.013523 0.647971
0.207595 0.078675 0.195118 0.518612
0.655168 0.005672 0.056745 0.282415
0.357846 0.061503 0.107815 0.472836
0.282492 0.092747 0.174403 0.450358
0.084929 0.345354 0.347402 0.222314
0.020203 0.512498 0.343228 0.124071
0.000010 0.727391 0.272589 0.000010
0.122203 0.255200 0.003848 0.618749
0.296421 0.115588 0.080594 0.507397
0.213830 0.092671 0.207205 0.486294
0.216570 0.138998 0.097921 0.546511
0.045102 0.377604 0.370610 0.206685
0.038927 0.454506 0.332068 0.174499
0.019348 0.672380 0.308262 0.000010
0.308725 0.119687 0.059978 0.511610
0.281553 0.052955 0.187634 0.477858
0.592921 0.002027 0.066922 0.338130
0.280342 0.079802 0.163593 0.476263
0.260287 0.060081 0.162910 0.516722
0.002760 0.330521 0.048936 0.617782
0.015837 0.345889 0.035390 0.602885
0.000010 0.217079 0.076211 0.706700
0.000010 0.361612 0.000010 0.638368
0.000010 0.356382 0.025578 0.618030
0.000010 0.232212 0.072649 0.695129
0.116896 0.106003 0.168207 0.608894
0.023513 0.367928 0.020800 0.587760
0.024771 0.453237 0.000010 0.521981
0.001097 0.354904 0.044134 0.599865
0.018319 0.350634 0.000010 0.631038
0.007725 0.168822 0.105683 0.717770
0.016590 0.334534 0.014829 0.634047
0.020887 0.353245 0.033128 0.592740
0.000057 0.233025 0.035983 0.730934
0.000010 0.263776 0.031264 0.704951
0.075906 0.146555 0.162685 0.614855
0.000010 0.381502 0.023629 0.594859
0.040225 0.333236 0.029305 0.597233
0.019366 0.481368 0.000010 0.499256
0.012093 0.403201 0.000010 0.584696
0.018158 0.335370 0.052856 0.593616
0.016995 0.169714 0.098414 0.714877
0.010325 0.183318 0.064932 0.741425
0.001790 0.363461 0.014581 0.620167
0.000010 0.378260 0.048533 0.573197
0.000010 0.217938 0.065360 0.716693
0.079978 0.135303 0.168037 0.616682
0.135721 0.100801 0.149220 0.614258
0.025105 0.474426 0.000010 0.500459
0.000010 0.334570 0.026517 0.638903
0.014385 0.164956 0.090147 0.730512
0.026053 0.180739 0.078310 0.714898
0.000010 0.345156 0.004529 0.650305
0.017333 0.341415 0.043529 0.597723
0.019960 0.225417 0.069380 0.685244
0.126959 0.117640 0.151523 0.603878
0.099036 0.124569 0.157126 0.619270
0.008902 0.391540 0.042200 0.557358
0.028606 0.354001 0.036959 0.580434
0.023554 0.490180 0.000010 0.486257
0.013063 0.332666 0.028614 0.625656
0.009711 0.179333 0.065440 0.745517
0.007488 0.341095 0.043829 0.607588
0.004052 0.359167 0.020291 0.616489
0.016083 0.350695 0.012715 0.620506
0.000010 0.205719 0.051510 0.742761
0.082673 0.161522 0.140531 0.615274
0.031967 0.354952 0.044225 0.568856
0.011707 0.362832 0.046682 0.578780
0.032502 0.341103 0.053805 0.572589
0.003521 0.465806 0.000010 0.530663
0.000010 0.345521 0.043484 0.610985
0.004776 0.173071 0.125110 0.697042
0.000010 0.346402 0.017134 0.636454
0.000010 0.342032 0.037234 0.620725
0.000010 0.387093 0.020065 0.592833
0.000130 0.220385 0.054530 0.724956
0.087250 0.139870 0.161037 0.611843
0.014103 0.402515 0.013975 0.569407
0.000010 0.394371 0.046642 0.558977
0.000010 0.397603 0.042957 0.559430
0.026008 0.424264 0.000010 0.549718
0.000010 0.329591 0.034879 0.635519
0.002550 0.182258 0.105630 0.709562
0.003987 0.360316 0.023206 0.612491
0.033304 0.358372 0.031752 0.576571
0.033131 0.170461 0.086729 0.709679
0.145381 0.073488 0.201392 0.579739
0.015184 0.369326 0.019079 0.596411
0.029039 0.246052 0.134255 0.590654
0.054256 0.343811 0.021986 0.579946
0.030813 0.482904 0.000010 0.486272
0.000010 0.341047 0.071031 0.587912
0.010339 0.199385 0.049557 0.740720
0.005225 0.313880 0.016390 0.664506
0.000010 0.361807 0.034625 0.603558
0.000010 0.337700 0.061533 0.600757
0.032889 0.191607 0.082037 0.693467
0.114346 0.104089 0.173891 0.607673
0.007155 0.373090 0.008509 0.611246
0.016425 0.364331 0.032637 0.586607
0.035144 0.350112 0.073033 0.541711
0.019111 0.462623 0.000010 0.518256
0.022982 0.668793 0.283867 0.024358
0.013762 0.653349 0.271528 0.061361
0.019673 0.531341 0.343155 0.105832
0.001353 0.713669 0.284967 0.000010
0.000010 0.670302 0.198814 0.130874
0.035045 0.759484 0.000010 0.205461
0.021596 0.642300 0.318704 0.017400
0.028113 0.586372 0.329872 0.055643
0.000010 0.706600 0.291450 0.001941
0.000010 0.730707 0.269273 0.000010
0.014085 0.676119 0.221402 0.088394
0.036298 0.754431 0.000010 0.209260
0.007590 0.631465 0.281922 0.079024
0.027735 0.608208 0.273172 0.090885
0.000010 0.715931 0.284049 0.000010
0.007460 0.745831 0.246699 0.000010
0.013283 0.692184 0.160687 0.133846
0.045410 0.754839 0.000010 0.199741
0.017539 0.654315 0.282256 0.045890
0.033708 0.623925 0.294442 0.047925
0.000010 0.697903 0.302077 0.000010
0.040609 0.689884 0.183516 0.085991
0.001989 0.682867 0.194362 0.120782
0.021034 0.731321 0.026128 0.221517
0.015939 0.648188 0.279806 0.056068
0.021071 0.607644 0.297066 0.074220
0.000010 0.693222 0.306758 0.000010
0.023479 0.682568 0.202258 0.091695
0.014126 0.665008 0.215626 0.105240
0.021697 0.737111 0.000010 0.241182
0.030665 0.599568 0.296987 0.072780
0.026707 0.627820 0.281989 0.063484
0.002171 0.677053 0.308797 0.011980
0.032792 0.720428 0.165785 0.080995
0.039334 0.747187 0.000010 0.213469
0.017210 0.741282 0.003820 0.237689
0.000175 0.642420 0.325337 0.032067
0.017240 0.591657 0.355156 0.035947
0.019389 0.564264 0.323438 0.092910
0.017367 0.673287 0.309335 0.000010
0.002208 0.690193 0.217777 0.089822
0.023112 0.764697 0.002212 0.209978
0.031760 0.751128 0.036144 0.180968
0.016366 0.624853 0.336216 0.022565
0.029958 0.647267 0.262108 0.060668
0.031974 0.592236 0.319440 0.056349
0.015983 0.701550 0.282456 0.000010
0.007664 0.688806 0.208900 0.094630
0.006945 0.735429 0.000010 0.257616
0.636598 0.013126 0.087020 0.263256
0.023959 0.509909 0.408076 0.058056
0.020781 0.531397 0.393368 0.054454
0.021240 0.524383 0.374293 0.080084
0.000010 0.556789 0.418680 0.024522
0.060420 0.253384 0.435986 0.250210
0.016701 0.484091 0.385228 0.113979
0.013495 0.509662 0.398541 0.078302
0.000010 0.539717 0.460263 0.000010
0.000010 0.544622 0.435051 0.020317
0.076235 0.072387 0.236937 0.614442
0.041120 0.485354 0.338700 0.134825
0.019884 0.536013 0.386172 0.057931
0.007075 0.514393 0.457213 0.021319
0.004227 0.525428 0.429858 0.040487
0.084850 0.199410 0.351856 0.363884
0.030666 0.496260 0.412126 0.060948
0.028723 0.512038 0.388801 0.070437
0.000010 0.522792 0.422092 0.055106
0.000010 0.548305 0.434872 0.016813
0.122461 0.130603 0.324919 0.422017
0.001049 0.342593 0.028228 0.628130
0.024149 0.464079 0.411002 0.100770
0.017212 0.487952 0.393273 0.101562
0.005292 0.541483 0.402928 0.050297
0.000010 0.544636 0.425429 0.029925
0.066366 0.284050 0.384491 0.265093
0.037219 0.489149 0.383164 0.090468
0.024259 0.481059 0.348997 0.145686
0.035088 0.479930 0.392120 0.092862
0.000010 0.535647 0.442557 0.021786
0.038830 0.528481 0.345678 0.087011
0.042896 0.467937 0.397269 0.091898
0.030898 0.535451 0.369891 0.063760
0.002505 0.557531 0.407744 0.032221
0.026192 0.474346 0.387106 0.112357
0.022482 0.522408 0.391421 0.063689
0.000594 0.553564 0.372126 0.073715
0.010225 0.565096 0.423193 0.001487
0.090217 0.232180 0.364166 0.313437
0.000010 0.500370 0.457286 0.042334
0.000010 0.499329 0.418528 0.082133
0.009032 0.523503 0.445461 0.022004
0.000010 0.510754 0.429585 0.059651
0.014185 0.464205 0.461488 0.060122
0.016549 0.494051 0.463181 0.026219
0.017121 0.443976 0.467355 0.071547
0.014656 0.468864 0.454290 0.062190
0.009848 0.459721 0.470860 0.059572
0.000010 0.476527 0.463754 0.059710
0.002375 0.466015 0.460261 0.071349
0.072284 0.257444 0.546073 0.124199
0.093377 0.293999 0.531949 0.080675
0.052555 0.251650 0.605917 0.089878
0.073698 0.225422 0.591043 0.109837
0.057770 0.283775 0.558845 0.099610
0.055096 0.269851 0.572743 0.102310
0.102387 0.246192 0.536244 0.115176
0.076043 0.273031 0.570105 0.080822
0.035106 0.290280 0.609792 0.064822
0.041296 0.288189 0.610759 0.059757
0.021422 0.296668 0.652540 0.029369
0.006241 0.265063 0.705791 0.022905
0.019676 0.290539 0.670156 0.019629
0.066239 0.259271 0.564426 0.110064
0.075609 0.246242 0.540694 0.137455
0.068835 0.264606 0.575288 0.091270
0.054709 0.272517 0.549074 0.123699
0.035304 0.313664 0.555620 0.095411
0.038550 0.286719 0.548317 0.126414
0.052172 0.257033 0.609074 0.081722
0.056126 0.299536 0.590415 0.053923
0.044749 0.265584 0.561575 0.128092
0.058219 0.260225 0.596001 0.085555
0.033632 0.274033 0.554897 0.137437
0.045275 0.282904 0.544812 0.127009
0.068671 0.241065 0.561998 0.128265
0.061009 0.276282 0.545292 0.117417
0.054398 0.236960 0.568588 0.140054
0.058427 0.254851 0.570596 0.116126
0.055345 0.237432 0.582415 0.124809
0.072952 0.229251 0.589034 0.108762
0.056075 0.273556 0.540657 0.129712
0.080265 0.208687 0.512766 0.198282
0.000010 0.769948 0.215217 0.014825
0.026823 0.664934 0.308232 0.000010
0.034671 0.687312 0.263553 0.014463
0.023126 0.704748 0.231194 0.040933
0.000010 0.458050 0.440127 0.101813
0.016788 0.718400 0.216726 0.048087
0.000010 0.450515 0.496724 0.052750
0.021372 0.743088 0.233324 0.002216
0.027170 0.754446 0.188672 0.029712
0.058770 0.273037 0.572496 0.095697
0.051166 0.267484 0.593518 0.087831
0.047696 0.244328 0.631379 0.076597
0.057814 0.278971 0.590550 0.072665
0.039011 0.274541 0.599622 0.086826
0.000010 0.259820 0.724410 0.015761
0.045612 0.248116 0.625658 0.080614
0.021093 0.251980 0.725821 0.001106
0.030959 0.238637 0.679796 0.050608
0.035559 0.261917 0.617263 0.085261
0.084147 0.241747 0.561176 0.112930
0.057139 0.296875 0.549850 0.096135
0.071393 0.253001 0.543605 0.132000
0.069982 0.317074 0.538347 0.074597
0.078781 0.261295 0.527213 0.132710
0.042750 0.283442 0.582918 0.090889
0.054099 0.245075 0.610095 0.090731
0.041701 0.245006 0.616119 0.097175
0.053688 0.306767 0.569229 0.070317
0.040759 0.257956 0.608374 0.092911
0.032074 0.287203 0.545197 0.135526
0.069362 0.258038 0.599576 0.073023
0.031460 0.243594 0.628528 0.096418
0.086318 0.241232 0.565097 0.107352
0.070176 0.248765 0.543611 0.137447
0.000010 0.491145 0.468318 0.040527
0.126181 0.181708 0.377611 0.314500
0.131925 0.161249 0.426028 0.280797
0.030098 0.443962 0.407366 0.118575
0.009933 0.531073 0.436771 0.022223
0.000010 0.544487 0.417590 0.037914
0.059688 0.450820 0.360102 0.129390
0.035017 0.425903 0.406249 0.132831
0.114092 0.172253 0.426973 0.286681
0.060299 0.252350 0.421044 0.266308
0.104225 0.154733 0.402571 0.338470
0.000010 0.234807 0.765173 0.000010
0.102958 0.167292 0.420812 0.308938
0.032830 0.436600 0.437461 0.093110
0.000010 0.505457 0.445210 0.049323
0.045506 0.478286 0.361980 0.114227
0.144543 0.129844 0.421913 0.303701
0.010736 0.507481 0.453402 0.028380
0.119416 0.149234 0.424570 0.306779
0.102697 0.190434 0.180389 0.526480
0.132101 0.160789 0.396983 0.310126
0.005748 0.516822 0.440992 0.036438
0.118151 0.166284 0.443001 0.272564
0.012002 0.523628 0.463796 0.000575
0.047110 0.410147 0.372091 0.170652
0.003212 0.534502 0.432128 0.030157
0.080403 0.252045 0.404943 0.262610
0.124094 0.137252 0.415689 0.322964
0.000010 0.230989 0.768991 0.000010
0.070838 0.294604 0.376605 0.257953
0.061573 0.269152 0.388938 0.280337
0.000010 0.538955 0.418251 0.042784
0.066686 0.257532 0.408141 0.267642
0.052928 0.434633 0.392337 0.120102
0.000010 0.509679 0.477579 0.012731
0.000010 0.274360 0.682727 0.042903
0.054878 0.261024 0.402524 0.281573
0.093853 0.184138 0.436556 0.285453
0.044008 0.447784 0.397344 0.110863
0.117486 0.141016 0.436705 0.304792
0.077324 0.228515 0.398185 0.295976
0.061501 0.439576 0.400233 0.098690
0.128037 0.128256 0.428757 0.314950
0.031083 0.260332 0.676191 0.032394
0.004310 0.240453 0.710099 0.045138
0.105651 0.188897 0.395002 0.310450
0.076965 0.295613 0.119770 0.507652
0.117482 0.159828 0.412684 0.310006
0.114605 0.155212 0.404546 0.325638
0.010459 0.542529 0.417398 0.029613
0.136813 0.031288 0.333887 0.498012
0.035579 0.395948 0.424675 0.143797
0.083763 0.266122 0.392741 0.257374
0.068158 0.242173 0.397611 0.292058
0.059849 0.255196 0.221270 0.463685
0.000016 0.232012 0.767962 0.000010
0.074423 0.221560 0.412488 0.291529
0.068686 0.298446 0.111595 0.521274
0.011219 0.540124 0.419538 0.029118
0.031058 0.251319 0.679576 0.038047
0.005126 0.228613 0.766251 0.000010
0.000010 0.196543 0.803437 0.000010
0.051730 0.256994 0.415496 0.275780
0.084502 0.261464 0.354708 0.299326
0.133545 0.141617 0.347992 0.376846
0.067488 0.263740 0.426880 0.241893
0.138354 0.103211 0.411744 0.346690
0.051389 0.267721 0.419673 0.261217
0.086872 0.338142 0.214007 0.360979
0.147589 0.050640 0.318989 0.482782
0.010467 0.297305 0.667970 0.024258
0.107283 0.123870 0.333016 0.435831
0.129077 0.166080 0.381477 0.323366
0.096161 0.198319 0.147413 0.558107
0.001367 0.209144 0.789479 0.000010
0.156960 0.062070 0.334786 0.446183
0.087948 0.275084 0.156077 0.480892
0.045003 0.260391 0.410362 0.284244
0.065102 0.252795 0.373817 0.308286
0.019605 0.246782 0.692883 0.040730
0.160289 0.056964 0.322928 0.459819
0.213728 0.000957 0.267573 0.517743
0.105278 0.190821 0.124576 0.579325
0.081807 0.219762 0.414608 0.283823
0.011131 0.245039 0.703703 0.040128
0.077394 0.069225 0.198285 0.655097
0.000010 0.225968 0.774012 0.000010
0.106257 0.290899 0.137190 0.465653
0.053332 0.220591 0.178374 0.547702
0.072697 0.047656 0.236821 0.642826
0.083151 0.232945 0.436728 0.247177
0.056860 0.254700 0.390881 0.297559
0.169584 0.051377 0.349634 0.429405
0.137014 0.122534 0.400895 0.339557
0.070124 0.094830 0.213128 0.621918
0.000010 0.211767 0.788213 0.000010
0.176133 0.026285 0.278799 0.518783
0.091158 0.253369 0.119365 0.536108
0.083854 0.182035 0.170017 0.564094
0.047504 0.265902 0.423947 0.262648
0.201259 0.042747 0.238987 0.517006
0.078028 0.319459 0.110985 0.491528
0.000788 0.206791 0.792411 0.000010
0.118305 0.198284 0.151907 0.531505
0.069833 0.313925 0.084581 0.531661
0.064148 0.390176 0.260306 0.285370
0.096833 0.269574 0.130285 0.503308
0.078738 0.205336 0.188588 0.527339
0.079060 0.262468 0.194379 0.464093
0.084354 0.322999 0.084624 0.508023
0.071311 0.253872 0.087190 0.587627
0.076527 0.293246 0.287520 0.342708
0.195591 0.060881 0.234629 0.508899
0.095818 0.201450 0.071299 0.631434
0.046248 0.105137 0.207944 0.640671
0.092301 0.270909 0.116920 0.519869
0.119004 0.192155 0.080417 0.608424
0.057539 0.336598 0.098890 0.506974
0.093306 0.264705 0.067095 0.574893
0.087503 0.223735 0.121130 0.567632
0.057910 0.105503 0.184641 0.651946
0.077279 0.272873 0.187668 0.462180
0.108490 0.182230 0.156767 0.552513
0.065540 0.240388 0.170169 0.523903
0.048516 0.332113 0.374157 0.245214
0.146594 0.184639 0.140242 0.528525
0.043503 0.073284 0.235565 0.647649
0.095716 0.200521 0.145393 0.558370
0.108449 0.213841 0.114068 0.563642
0.066132 0.091119 0.188816 0.653933
0.092255 0.275036 0.201821 0.430888
0.092426 0.165354 0.171127 0.571093
0.081236 0.126158 0.174336 0.618269
0.146682 0.155029 0.190645 0.507644
0.080046 0.295603 0.067715 0.556636
0.078671 0.309030 0.106219 0.506080
0.077093 0.285021 0.152148 0.485739
0.099065 0.168815 0.158656 0.573464
0.107634 0.273805 0.061941 0.556620
0.038541 0.061723 0.217140 0.682596
0.102800 0.230063 0.110995 0.556143
0.112788 0.217061 0.140542 0.529608
0.000010 0.432360 0.519113 0.048516
0.035727 0.427856 0.494608 0.041809
0.055263 0.315629 0.463176 0.165932
0.017828 0.444900 0.493030 0.044242
0.010423 0.478288 0.467956 0.043333
0.031924 0.440979 0.469226 0.057871
0.010128 0.428528 0.455587 0.105757
0.057551 0.373476 0.489046 0.079927
0.005974 0.486144 0.472348 0.035533
0.027727 0.406533 0.509255 0.056485
0.032955 0.363822 0.514098 0.089125
0.032521 0.368956 0.500147 0.098377
0.000010 0.483047 0.468998 0.047945
0.017966 0.429037 0.517953 0.035044
0.002631 0.459550 0.502116 0.035704
0.047775 0.355560 0.501092 0.095573
0.062207 0.364927 0.470436 0.102429
0.045327 0.364443 0.510908 0.079322
0.040087 0.416889 0.454487 0.088537
0.003531 0.482013 0.468896 0.045560
0.003616 0.479429 0.483147 0.033808
0.015409 0.464645 0.494769 0.025177
0.023520 0.412655 0.469058 0.094767
0.046892 0.418723 0.442965 0.091420
0.025612 0.440691 0.443729 0.089968
0.051177 0.393080 0.458269 0.097474
0.025825 0.404132 0.478867 0.091176
0.030683 0.402935 0.470184 0.096198
0.041451 0.393806 0.510179 0.054564
0.075834 0.203055 0.000010 0.721102
0.103146 0.224804 0.003904 0.668146
0.090217 0.242211 0.000010 0.667562
0.052633 0.222281 0.000010 0.725076
0.064091 0.216244 0.000010 0.719655
0.080677 0.215946 0.000010 0.703367
0.084559 0.218568 0.006739 0.690135
0.072832 0.212818 0.000010 0.714340
0.071198 0.213813 0.000010 0.714979
0.071211 0.197336 0.000010 0.731443
0.074701 0.120874 0.433558 0.370867
0.116476 0.147306 0.378956 0.357262
0.083477 0.126340 0.456666 0.333517
0.104063 0.162738 0.403277 0.329922
0.124102 0.202804 0.056542 0.616552
0.136771 0.203967 0.035044 0.624217
0.129979 0.187335 0.069597 0.613090
0.120868 0.165603 0.030297 0.683231
0.120791 0.212128 0.037834 0.629247
0.106596 0.196337 0.083168 0.613899
0.113703 0.180129 0.062477 0.643691
0.127912 0.166998 0.068162 0.636928
0.108607 0.192285 0.053835 0.645274
0.107047 0.200600 0.044066 0.648287
0.125969 0.204745 0.029998 0.639288
0.150231 0.211736 0.004024 0.634008
0.118479 0.241532 0.000010 0.639979
0.133827 0.227918 0.000010 0.638246
0.131116 0.232362 0.039111 0.597410
0.127877 0.202899 0.054999 0.614225
0.114789 0.229678 0.046551 0.608981
0.131028 0.196479 0.039327 0.633166
0.151757 0.217093 0.044743 0.586408
0.114054 0.239896 0.027035 0.619015
