0.023861 0.027935 0.031884 0.008139 0.099332 0.145515 0.528480 0.021576 0.046234 0.007749 0.059295
0.018380 0.008418 0.044029 0.030906 0.263011 0.107361 0.391367 0.005837 0.009383 0.056187 0.065120
0.034282 0.019325 0.051240 0.000010 0.189404 0.148462 0.397690 0.039089 0.017830 0.038066 0.064603
0.009414 0.018084 0.033343 0.026235 0.104708 0.151569 0.479509 0.032128 0.007909 0.051838 0.085263
0.031171 0.004106 0.006368 0.008271 0.158930 0.180423 0.411520 0.007619 0.046426 0.019853 0.125313
0.001520 0.018956 0.020968 0.001872 0.175652 0.141085 0.408686 0.021100 0.051423 0.092991 0.065747
0.053362 0.029386 0.022288 0.012243 0.166364 0.130966 0.450589 0.020591 0.017136 0.000010 0.097065
0.064071 0.000010 0.043226 0.000010 0.169606 0.143885 0.462201 0.002800 0.036907 0.000039 0.077245
0.000010 0.000010 0.002241 0.018942 0.071430 0.128600 0.656700 0.047354 0.020327 0.034530 0.019855
0.032840 0.028824 0.013488 0.000010 0.185692 0.148917 0.422853 0.009038 0.035541 0.028791 0.094005
0.030501 0.000117 0.053111 0.010562 0.205759 0.115493 0.472779 0.034821 0.000010 0.001115 0.075732
0.020722 0.031169 0.030536 0.015915 0.160546 0.221535 0.389951 0.053195 0.024835 0.000010 0.051585
0.053526 0.012054 0.046096 0.000010 0.174189 0.105974 0.500180 0.027301 0.027716 0.000010 0.052945
0.000010 0.032788 0.033004 0.013366 0.168184 0.086350 0.536819 0.000010 0.024836 0.039402 0.065230
0.000010 0.035604 0.051229 0.002562 0.154816 0.068220 0.535136 0.028180 0.074298 0.000010 0.049936
0.040174 0.016211 0.041968 0.007226 0.119225 0.081592 0.575552 0.026161 0.036678 0.000010 0.055205
0.013232 0.036458 0.048059 0.016878 0.113332 0.157464 0.438836 0.042020 0.041982 0.025281 0.066457
0.061615 0.014327 0.009266 0.003920 0.161693 0.365787 0.371064 0.002770 0.009539 0.000010 0.000010
0.000010 0.000010 0.028327 0.008597 0.043949 0.161214 0.616004 0.008938 0.043265 0.046080 0.043606
0.060878 0.000010 0.007698 0.022571 0.144756 0.078639 0.511789 0.012827 0.022823 0.004770 0.133240
0.000010 0.000010 0.051980 0.035209 0.076106 0.131604 0.605561 0.000010 0.041645 0.028530 0.029335
0.086686 0.003236 0.020428 0.002550 0.222408 0.147502 0.332813 0.030239 0.035938 0.018628 0.099571
0.037899 0.031583 0.031707 0.000010 0.163133 0.177526 0.415535 0.045350 0.025936 0.006395 0.064927
0.046752 0.025574 0.028155 0.002949 0.166366 0.152184 0.405395 0.000010 0.053593 0.012672 0.106351
0.020993 0.043038 0.060813 0.007395 0.185480 0.168693 0.439044 0.015341 0.032773 0.000010 0.026420
0.095433 0.000010 0.000010 0.012592 0.041565 0.000010 0.035664 0.763256 0.047657 0.003793 0.000010
0.000010 0.000010 0.000010 0.000010 0.000010 0.000010 0.000010 0.999900 0.000010 0.000010 0.000010
0.147915 0.024802 0.016941 0.000010 0.104308 0.005441 0.024612 0.581883 0.039998 0.054080 0.000010
0.041343 0.032427 0.000010 0.019220 0.063355 0.000010 0.000010 0.777441 0.012179 0.053996 0.000010
0.250309 0.033154 0.025659 0.000010 0.128650 0.022635 0.000010 0.420116 0.000010 0.101152 0.018294
0.205269 0.012243 0.001238 0.000010 0.002119 0.012311 0.060687 0.691807 0.000010 0.014297 0.000010
0.306595 0.023630 0.000457 0.036941 0.128689 0.023162 0.000010 0.153057 0.089912 0.189414 0.048132
0.253185 0.002283 0.000010 0.000010 0.030709 0.000010 0.058046 0.583096 0.026487 0.046154 0.000010
0.000010 0.000010 0.000010 0.000010 0.000010 0.000010 0.000010 0.964713 0.035197 0.000010 0.000010
0.252188 0.017262 0.016540 0.063587 0.150221 0.006468 0.040260 0.175102 0.079220 0.199143 0.000010
0.000010 0.000010 0.000010 0.000010 0.000010 0.000010 0.000010 0.999900 0.000010 0.000010 0.000010
0.000010 0.000010 0.000010 0.000010 0.000010 0.000010 0.000010 0.999900 0.000010 0.000010 0.000010
0.186630 0.024695 0.000010 0.035792 0.086387 0.038014 0.044127 0.407844 0.039626 0.136865 0.000010
0.088978 0.007171 0.016286 0.021905 0.091891 0.000010 0.007789 0.587768 0.058910 0.119282 0.000010
0.177814 0.003250 0.000010 0.000010 0.000010 0.003156 0.041022 0.717449 0.000010 0.057261 0.000010
0.063406 0.045906 0.043900 0.036982 0.051242 0.000578 0.000010 0.757502 0.000454 0.000010 0.000010
0.126810 0.000010 0.000010 0.000010 0.000010 0.000010 0.000010 0.873100 0.000010 0.000010 0.000010
0.000010 0.000010 0.000010 0.000010 0.000010 0.000010 0.000010 0.999900 0.000010 0.000010 0.000010
0.000010 0.023622 0.022493 0.036807 0.031473 0.000010 0.000010 0.878230 0.007325 0.000010 0.000010
0.244843 0.000010 0.025186 0.019315 0.123114 0.002911 0.004785 0.459107 0.065053 0.055666 0.000010
0.326770 0.012233 0.005702 0.063606 0.225801 0.019360 0.001438 0.087878 0.034788 0.222417 0.000010
0.268455 0.031673 0.017805 0.035149 0.102924 0.000010 0.060754 0.347308 0.016036 0.119877 0.000010
0.287085 0.024681 0.004352 0.000010 0.070111 0.000010 0.097406 0.369520 0.066808 0.080007 0.000010
0.000010 0.000010 0.000010 0.000010 0.000010 0.000010 0.000010 0.999900 0.000010 0.000010 0.000010
0.305452 0.029106 0.027981 0.024414 0.074515 0.038956 0.035952 0.261809 0.050092 0.151715 0.000010
0.288236 0.025234 0.000010 0.043261 0.115658 0.014783 0.018568 0.364761 0.000010 0.091216 0.038263
0.198885 0.012585 0.016108 0.035802 0.197655 0.008912 0.042566 0.186818 0.091900 0.208758 0.000010
0.000010 0.000010 0.000010 0.000010 0.000010 0.000010 0.000010 0.999900 0.000010 0.000010 0.000010
0.094969 0.000010 0.005358 0.000010 0.000010 0.000010 0.049734 0.849869 0.000010 0.000010 0.000010
0.300172 0.000010 0.000010 0.000010 0.000010 0.000131 0.086785 0.612842 0.000010 0.000010 0.000010
0.057721 0.065151 0.027305 0.000010 0.031070 0.000712 0.000010 0.724259 0.008904 0.057594 0.027263
0.254681 0.037559 0.014362 0.057523 0.136876 0.046763 0.013800 0.173128 0.083944 0.181354 0.000010
0.290768 0.000010 0.007610 0.016217 0.069349 0.001716 0.058270 0.490914 0.011672 0.053464 0.000010
0.090768 0.000010 0.025298 0.014578 0.035534 0.023311 0.002147 0.685863 0.033113 0.078428 0.010950
0.310883 0.000010 0.000010 0.048282 0.171237 0.053167 0.000010 0.156270 0.043860 0.205814 0.010457
0.217071 0.032788 0.000010 0.000010 0.033579 0.020878 0.000010 0.600374 0.008475 0.047091 0.039714
0.258439 0.042360 0.000010 0.046752 0.162302 0.003871 0.079812 0.170088 0.033957 0.202399 0.000010
0.000010 0.000010 0.000010 0.000010 0.000010 0.000010 0.000010 0.999900 0.000010 0.000010 0.000010
0.204053 0.050966 0.005982 0.010887 0.123913 0.000010 0.013251 0.462308 0.011704 0.087266 0.029660
0.234316 0.027132 0.000010 0.738472 0.000010 0.000010 0.000010 0.000010 0.000010 0.000010 0.000010
0.384616 0.068757 0.004511 0.414853 0.000010 0.074644 0.000010 0.027881 0.024699 0.000010 0.000010
0.642643 0.062306 0.086976 0.112355 0.001725 0.058316 0.035631 0.000010 0.000017 0.000010 0.000010
0.000010 0.000010 0.000010 0.999900 0.000010 0.000010 0.000010 0.000010 0.000010 0.000010 0.000010
0.584300 0.082627 0.092914 0.066198 0.029420 0.036922 0.000010 0.031484 0.076104 0.000010 0.000010
0.000010 0.000010 0.000010 0.999900 0.000010 0.000010 0.000010 0.000010 0.000010 0.000010 0.000010
0.449789 0.046554 0.040641 0.081454 0.011735 0.000010 0.098096 0.049631 0.075412 0.146668 0.000010
0.000010 0.999900 0.000010 0.000010 0.000010 0.000010 0.000010 0.000010 0.000010 0.000010 0.000010
0.000010 0.999900 0.000010 0.000010 0.000010 0.000010 0.000010 0.000010 0.000010 0.000010 0.000010
0.000010 0.000010 0.000010 0.999900 0.000010 0.000010 0.000010 0.000010 0.000010 0.000010 0.000010
0.000010 0.000010 0.000010 0.999900 0.000010 0.000010 0.000010 0.000010 0.000010 0.000010 0.000010
0.647296 0.052989 0.074878 0.043104 0.123971 0.000010 0.009353 0.047139 0.001239 0.000010 0.000010
0.593880 0.089795 0.104970 0.087885 0.038668 0.000010 0.003982 0.000010 0.080780 0.000010 0.000010
0.000010 0.999900 0.000010 0.000010 0.000010 0.000010 0.000010 0.000010 0.000010 0.000010 0.000010
0.079425 0.086564 0.000010 0.833931 0.000010 0.000010 0.000010 0.000010 0.000010 0.000010 0.000010
0.203658 0.030448 0.000010 0.713993 0.019777 0.000010 0.000010 0.013323 0.018750 0.000010 0.000010
0.326018 0.296521 0.077401 0.172769 0.052965 0.039825 0.000010 0.000010 0.000017 0.034455 0.000010
0.000010 0.999900 0.000010 0.000010 0.000010 0.000010 0.000010 0.000010 0.000010 0.000010 0.000010
0.000010 0.999900 0.000010 0.000010 0.000010 0.000010 0.000010 0.000010 0.000010 0.000010 0.000010
0.746512 0.029268 0.076629 0.053410 0.009446 0.010827 0.073867 0.000010 0.000010 0.000010 0.000010
0.000010 0.000010 0.000010 0.999900 0.000010 0.000010 0.000010 0.000010 0.000010 0.000010 0.000010
0.000010 0.000010 0.000010 0.999900 0.000010 0.000010 0.000010 0.000010 0.000010 0.000010 0.000010
0.532867 0.090896 0.070945 0.099907 0.035977 0.000010 0.044595 0.023146 0.090068 0.011580 0.000010
0.593469 0.083326 0.123666 0.086752 0.064956 0.000010 0.013582 0.023258 0.010961 0.000010 0.000010
0.647865 0.056838 0.088842 0.046300 0.067080 0.000010 0.037527 0.002225 0.019658 0.033645 0.000010
0.233882 0.074029 0.000010 0.638894 0.009414 0.000010 0.024476 0.000010 0.019254 0.000010 0.000010
0.630069 0.045349 0.114735 0.054847 0.050435 0.000010 0.005543 0.053853 0.029508 0.015641 0.000010
0.578202 0.075778 0.047176 0.115695 0.029399 0.031091 0.000010 0.004639 0.076758 0.000010 0.041242
0.351939 0.049187 0.019108 0.367711 0.079170 0.000575 0.000010 0.000010 0.054548 0.047347 0.030394
0.582983 0.068030 0.115980 0.078496 0.035674 0.010227 0.003668 0.021064 0.083858 0.000010 0.000010
0.169518 0.008296 0.010969 0.792522 0.016040 0.000010 0.000010 0.000010 0.002605 0.000010 0.000010
0.000010 0.999900 0.000010 0.000010 0.000010 0.000010 0.000010 0.000010 0.000010 0.000010 0.000010
0.000010 0.116177 0.000010 0.883733 0.000010 0.000010 0.000010 0.000010 0.000010 0.000010 0.000010
0.573725 0.053583 0.018237 0.076349 0.033925 0.000010 0.103682 0.061256 0.056959 0.022264 0.000010
0.578652 0.058877 0.097709 0.052635 0.045964 0.001745 0.043681 0.031580 0.049375 0.039773 0.000010
0.617469 0.077467 0.072086 0.082657 0.000010 0.035999 0.017785 0.016283 0.080223 0.000010 0.000010
0.644427 0.051109 0.080540 0.115774 0.041454 0.033656 0.026378 0.000010 0.006631 0.000010 0.000010
0.036348 0.051042 0.000010 0.875499 0.000010 0.013416 0.000010 0.023635 0.000010 0.000010 0.000010
0.000010 0.000010 0.000010 0.999900 0.000010 0.000010 0.000010 0.000010 0.000010 0.000010 0.000010
0.000010 0.011672 0.000010 0.904490 0.030262 0.000010 0.000010 0.014819 0.000010 0.038696 0.000010
0.191841 0.035617 0.006459 0.686912 0.014772 0.013524 0.000010 0.000010 0.050835 0.000010 0.000010
0.000010 0.128075 0.000010 0.866589 0.000010 0.000010 0.000010 0.004124 0.000010 0.001142 0.000010
0.340874 0.053659 0.052870 0.149713 0.061116 0.040479 0.002992 0.015918 0.044637 0.206216 0.031525
0.000010 0.005299 0.000010 0.000361 0.812965 0.103577 0.006028 0.021997 0.049734 0.000010 0.000010
0.016875 0.015411 0.000010 0.000010 0.737763 0.045026 0.145973 0.028633 0.010278 0.000010 0.000010
0.000010 0.000010 0.013410 0.019606 0.966904 0.000010 0.000010 0.000010 0.000010 0.000010 0.000010
0.000010 0.000010 0.017577 0.023042 0.948673 0.001530 0.000010 0.009118 0.000010 0.000010 0.000010
0.000010 0.021713 0.000010 0.000010 0.938763 0.009559 0.006462 0.000010 0.023444 0.000010 0.000010
0.000010 0.000010 0.000010 0.000010 0.999900 0.000010 0.000010 0.000010 0.000010 0.000010 0.000010
0.000010 0.000010 0.010208 0.002781 0.975295 0.000010 0.000010 0.011646 0.000010 0.000010 0.000010
0.061648 0.020831 0.000010 0.000249 0.851502 0.010362 0.049893 0.000010 0.000010 0.000010 0.005477
0.000010 0.000010 0.000010 0.000010 0.999900 0.000010 0.000010 0.000010 0.000010 0.000010 0.000010
0.000010 0.000010 0.000010 0.000010 0.000010 0.000010 0.000010 0.000010 0.999900 0.000010 0.000010
0.433855 0.000010 0.042318 0.040810 0.016924 0.057033 0.027035 0.000386 0.313231 0.068389 0.000010
0.000010 0.000010 0.000010 0.000010 0.000010 0.000011 0.000010 0.000010 0.999899 0.000010 0.000010
0.264950 0.035283 0.000010 0.029851 0.002056 0.000010 0.069756 0.017957 0.523290 0.056825 0.000010
0.466848 0.047517 0.102952 0.132329 0.035219 0.026035 0.004115 0.017486 0.111317 0.056172 0.000010
0.410343 0.022322 0.044832 0.031104 0.000010 0.038233 0.015052 0.000010 0.390684 0.047400 0.000010
0.482037 0.039115 0.033440 0.116519 0.099615 0.023026 0.053707 0.010021 0.049498 0.093011 0.000010
0.452092 0.040621 0.000010 0.022335 0.000010 0.035660 0.008697 0.028180 0.392642 0.000010 0.019742
0.498715 0.044051 0.077097 0.085306 0.053298 0.059505 0.025320 0.004283 0.066871 0.085543 0.000010
0.404211 0.035892 0.000010 0.033158 0.039855 0.021534 0.063254 0.009976 0.318924 0.073176 0.000010
0.523652 0.000010 0.019505 0.005980 0.003680 0.034155 0.101051 0.003103 0.253797 0.055057 0.000010
0.229315 0.028808 0.005914 0.004744 0.055034 0.015780 0.000010 0.032395 0.582269 0.045573 0.000158
0.367626 0.033094 0.014307 0.000010 0.000010 0.029616 0.000010 0.000010 0.541910 0.000010 0.013397
0.392993 0.031486 0.073791 0.032071 0.017623 0.036553 0.007595 0.039068 0.347992 0.020818 0.000010
0.213074 0.050238 0.003883 0.025098 0.059399 0.000010 0.029360 0.002262 0.529907 0.086760 0.000010
0.287020 0.007048 0.039492 0.000010 0.000010 0.000010 0.056462 0.000010 0.584404 0.025523 0.000010
0.000010 0.000010 0.000010 0.000010 0.000010 0.000010 0.000010 0.000010 0.999900 0.000010 0.000010
0.508420 0.021151 0.039177 0.031785 0.132304 0.033821 0.000010 0.021573 0.136125 0.073886 0.001748
0.363972 0.034375 0.033980 0.056812 0.092103 0.005506 0.042705 0.008006 0.238819 0.113391 0.010331
0.431744 0.069508 0.047896 0.056289 0.082996 0.000010 0.030892 0.038180 0.190813 0.051662 0.000010
0.000010 0.000010 0.000010 0.999900 0.000010 0.000010 0.000010 0.000010 0.000010 0.000010 0.000010
0.438540 0.009710 0.069707 0.058306 0.083458 0.000010 0.018677 0.013895 0.166453 0.112452 0.028791
0.000010 0.000010 0.000010 0.000010 0.000010 0.000010 0.000010 0.000010 0.999900 0.000010 0.000010
0.000010 0.000010 0.000010 0.000010 0.000010 0.000010 0.000010 0.000010 0.999900 0.000010 0.000010
0.359397 0.040930 0.018188 0.036266 0.017282 0.000010 0.052559 0.002407 0.453636 0.019314 0.000010
0.500120 0.014883 0.017785 0.017517 0.000010 0.014291 0.081782 0.000010 0.332494 0.021098 0.000010
0.424570 0.009036 0.052919 0.000010 0.019511 0.000010 0.039199 0.001365 0.453360 0.000010 0.000010
0.351670 0.026566 0.000010 0.000010 0.000010 0.000010 0.108115 0.003096 0.471628 0.038876 0.000010
0.420280 0.009691 0.006418 0.026124 0.002678 0.046088 0.000010 0.008832 0.479859 0.000010 0.000010
0.000010 0.000010 0.000010 0.000010 0.000010 0.000010 0.000010 0.000010 0.999900 0.000010 0.000010
0.000010 0.000010 0.000010 0.000010 0.000010 0.000010 0.000010 0.000010 0.999900 0.000010 0.000010
0.449732 0.044248 0.060034 0.023684 0.030370 0.007335 0.050070 0.016643 0.272468 0.029795 0.015621
0.329998 0.000010 0.000010 0.002919 0.008684 0.060192 0.000010 0.003314 0.574795 0.020001 0.000066
0.471162 0.008981 0.048622 0.044677 0.099102 0.013536 0.040163 0.029842 0.137099 0.106806 0.000010
0.000010 0.000010 0.000010 0.000010 0.000010 0.000010 0.000010 0.000010 0.999900 0.000010 0.000010
0.468242 0.022111 0.037755 0.039370 0.038053 0.000010 0.000010 0.030420 0.258901 0.061469 0.043661
0.218434 0.026697 0.000010 0.027455 0.031075 0.000010 0.050928 0.007984 0.606000 0.031396 0.000010
0.465133 0.040554 0.072992 0.061943 0.095946 0.055638 0.015501 0.032506 0.074585 0.085190 0.000010
0.388620 0.053734 0.038147 0.057856 0.055619 0.028532 0.047967 0.043626 0.173135 0.112754 0.000010
0.000010 0.039843 0.050328 0.015608 0.086829 0.053399 0.728018 0.000010 0.003154 0.022790 0.000010
0.057079 0.000010 0.055024 0.000010 0.022369 0.016177 0.785069 0.006251 0.048115 0.000010 0.009886
0.015129 0.006907 0.070017 0.000010 0.028757 0.054467 0.764900 0.026345 0.033447 0.000010 0.000010
0.068707 0.036439 0.020936 0.000010 0.017628 0.101247 0.727367 0.010806 0.000010 0.016840 0.000010
0.000827 0.021956 0.040821 0.013455 0.017331 0.112449 0.708630 0.026919 0.013584 0.000010 0.044019
0.019586 0.030349 0.039137 0.002094 0.042829 0.079696 0.740607 0.043264 0.000010 0.000010 0.002419
0.000010 0.016873 0.022541 0.024334 0.000010 0.080870 0.806439 0.020841 0.028061 0.000010 0.000010
0.010272 0.013600 0.047411 0.026227 0.031486 0.031978 0.801508 0.006709 0.009407 0.021392 0.000010
0.000010 0.007095 0.000010 0.002611 0.019332 0.000010 0.885289 0.003766 0.081858 0.000010 0.000010
0.000010 0.029903 0.004088 0.012373 0.058137 0.000010 0.848205 0.021317 0.025936 0.000010 0.000010
0.000010 0.006899 0.039245 0.027633 0.000010 0.076219 0.805681 0.022533 0.021750 0.000010 0.000010
0.012995 0.020628 0.026306 0.002215 0.003786 0.086627 0.800309 0.025547 0.011053 0.000010 0.010523
0.010301 0.012223 0.013461 0.022891 0.035275 0.029088 0.832989 0.007685 0.036066 0.000010 0.000010
0.014611 0.000010 0.335090 0.000010 0.009977 0.023182 0.106868 0.019250 0.000010 0.000010 0.490981
0.000010 0.035742 0.267298 0.000010 0.000048 0.003133 0.166317 0.008115 0.035438 0.007960 0.475929
0.000010 0.000010 0.321034 0.017129 0.000010 0.000010 0.120918 0.000010 0.037536 0.000010 0.503323
0.000010 0.000010 0.375056 0.000010 0.018891 0.000010 0.247871 0.000010 0.003892 0.000010 0.354229
0.027030 0.034918 0.267433 0.000010 0.016893 0.028228 0.125881 0.000010 0.008763 0.000010 0.490825
0.000010 0.048862 0.261538 0.005170 0.015540 0.000010 0.164293 0.000010 0.033222 0.000010 0.471335
0.010743 0.013584 0.283260 0.010277 0.056161 0.000010 0.190285 0.018195 0.000010 0.000010 0.417464
0.000010 0.022746 0.245200 0.013016 0.000010 0.011133 0.123752 0.037993 0.017408 0.000010 0.528722
0.000010 0.012911 0.273459 0.000010 0.000010 0.103490 0.157611 0.000010 0.013698 0.000010 0.438782
0.000010 0.009649 0.322693 0.011750 0.001431 0.029020 0.107876 0.025835 0.001544 0.004615 0.485577
0.000010 0.035840 0.329091 0.000010 0.000010 0.021834 0.082228 0.012478 0.000010 0.000010 0.518479
0.000010 0.023777 0.349573 0.005520 0.000010 0.000010 0.152478 0.025811 0.005241 0.012987 0.424583
0.000010 0.038796 0.309530 0.000010 0.000010 0.000010 0.227659 0.000010 0.000010 0.035202 0.388754
0.010703 0.000010 0.358644 0.001006 0.000010 0.041276 0.099301 0.000010 0.024345 0.000010 0.464686
0.042286 0.000010 0.308294 0.012159 0.000010 0.000010 0.140370 0.015296 0.000010 0.000010 0.481545
0.000010 0.037176 0.279101 0.014978 0.000010 0.022999 0.141594 0.003311 0.005804 0.013913 0.481103
0.000010 0.014404 0.342508 0.000010 0.000010 0.000010 0.127132 0.000010 0.000010 0.044980 0.470916
0.012175 0.015714 0.232359 0.005680 0.000010 0.017285 0.174302 0.011933 0.035131 0.026634 0.468776
0.036486 0.009297 0.194148 0.008672 0.000010 0.035955 0.177225 0.005397 0.000599 0.013454 0.518756
0.000010 0.022361 0.338403 0.004880 0.000010 0.059822 0.098128 0.000010 0.011193 0.000010 0.465172
0.011586 0.008648 0.307262 0.007679 0.019967 0.000010 0.169174 0.021893 0.000832 0.007763 0.445187
0.028313 0.011583 0.273979 0.012068 0.013849 0.000010 0.180302 0.001204 0.000010 0.000010 0.478672
0.044845 0.000010 0.006938 0.000010 0.848724 0.099423 0.000010 0.000010 0.000010 0.000010 0.000010
0.000010 0.006191 0.000010 0.000010 0.993719 0.000010 0.000010 0.000010 0.000010 0.000010 0.000010
0.000010 0.000010 0.000010 0.000010 0.999900 0.000010 0.000010 0.000010 0.000010 0.000010 0.000010
0.000010 0.000010 0.000010 0.000010 0.999900 0.000010 0.000010 0.000010 0.000010 0.000010 0.000010
0.000010 0.000010 0.000010 0.000010 0.999900 0.000010 0.000010 0.000010 0.000010 0.000010 0.000010
0.000010 0.000010 0.000010 0.003507 0.996403 0.000010 0.000010 0.000010 0.000010 0.000010 0.000010
0.000010 0.006806 0.011112 0.013321 0.923226 0.000010 0.000010 0.045475 0.000010 0.000010 0.000010
0.000010 0.000010 0.000010 0.000010 0.999900 0.000010 0.000010 0.000010 0.000010 0.000010 0.000010
0.000010 0.005729 0.000010 0.000010 0.994181 0.000010 0.000010 0.000010 0.000010 0.000010 0.000010
0.093065 0.014564 0.000010 0.000010 0.797774 0.063212 0.031326 0.000010 0.000010 0.000010 0.000010
0.000010 0.012681 0.002454 0.014174 0.919730 0.000884 0.000010 0.050026 0.000010 0.000010 0.000010
0.000010 0.000010 0.000010 0.000010 0.999900 0.000010 0.000010 0.000010 0.000010 0.000010 0.000010
0.000010 0.000010 0.024850 0.000010 0.975060 0.000010 0.000010 0.000010 0.000010 0.000010 0.000010
0.000010 0.012613 0.000010 0.000010 0.987297 0.000010 0.000010 0.000010 0.000010 0.000010 0.000010
0.000010 0.000010 0.000010 0.000010 0.992578 0.000010 0.000010 0.000010 0.007332 0.000010 0.000010
0.040450 0.003511 0.000010 0.000010 0.842000 0.031342 0.080383 0.000010 0.002265 0.000010 0.000010
0.000010 0.000010 0.008467 0.001024 0.830874 0.029310 0.050760 0.018224 0.057940 0.003371 0.000010
0.000010 0.000010 0.008815 0.000010 0.990744 0.000361 0.000010 0.000010 0.000010 0.000010 0.000010
0.000010 0.029309 0.000010 0.000010 0.000010 0.961700 0.000010 0.008911 0.000010 0.000010 0.000010
0.000010 0.000010 0.021683 0.005594 0.000010 0.951282 0.000010 0.000010 0.021370 0.000010 0.000010
0.019162 0.000010 0.000010 0.000010 0.000010 0.965071 0.009340 0.006357 0.000010 0.000010 0.000010
0.000010 0.000010 0.000010 0.000010 0.000010 0.999900 0.000010 0.000010 0.000010 0.000010 0.000010
0.000010 0.000014 0.000218 0.000010 0.000010 0.999689 0.000010 0.000010 0.000010 0.000010 0.000010
0.000010 0.021860 0.005612 0.000010 0.000010 0.913771 0.048482 0.000010 0.010215 0.000010 0.000010
0.029177 0.005246 0.000010 0.000010 0.000010 0.935994 0.000010 0.024667 0.000010 0.000010 0.004857
0.000010 0.002717 0.000165 0.000010 0.000010 0.947358 0.000010 0.019998 0.029702 0.000010 0.000010
0.000010 0.000010 0.022303 0.000010 0.014152 0.860552 0.076246 0.000010 0.026688 0.000010 0.000010
0.000010 0.006738 0.027856 0.000010 0.058087 0.841032 0.066227 0.000010 0.000010 0.000010 0.000010
0.049905 0.000010 0.000010 0.000010 0.000010 0.880692 0.000010 0.000010 0.000010 0.000010 0.069323
0.000010 0.000010 0.000010 0.000010 0.000010 0.999900 0.000010 0.000010 0.000010 0.000010 0.000010
0.000010 0.000010 0.018400 0.000010 0.000010 0.964002 0.000010 0.000010 0.000010 0.001102 0.016425
0.000010 0.000010 0.016186 0.012694 0.000010 0.965368 0.005682 0.000010 0.000010 0.000010 0.000010
0.000010 0.000010 0.000010 0.007546 0.000010 0.992364 0.000010 0.000010 0.000010 0.000010 0.000010
0.000010 0.015639 0.016212 0.000010 0.040338 0.927741 0.000010 0.000010 0.000010 0.000010 0.000010
0.000489 0.000010 0.000010 0.000010 0.000010 0.999421 0.000010 0.000010 0.000010 0.000010 0.000010
0.000010 0.001168 0.000010 0.009600 0.004291 0.918289 0.066592 0.000010 0.000010 0.000010 0.000010
0.000010 0.000010 0.000010 0.000010 0.000010 0.999900 0.000010 0.000010 0.000010 0.000010 0.000010
0.000010 0.001457 0.000010 0.000010 0.000010 0.998453 0.000010 0.000010 0.000010 0.000010 0.000010
0.000010 0.028618 0.210347 0.000010 0.052963 0.028411 0.096207 0.012906 0.036358 0.534161 0.000010
0.000010 0.000010 0.115736 0.019346 0.041511 0.031412 0.131744 0.000010 0.051106 0.587414 0.021700
0.000010 0.011375 0.110108 0.022389 0.087315 0.043872 0.113112 0.035507 0.004916 0.571388 0.000010
0.022622 0.005656 0.156472 0.034482 0.031458 0.036790 0.069513 0.030562 0.024912 0.521072 0.066460
0.000010 0.046249 0.087600 0.000010 0.074690 0.006739 0.134968 0.027843 0.069082 0.544113 0.008696
0.000010 0.000010 0.116907 0.031417 0.000010 0.073844 0.122219 0.031460 0.044608 0.579505 0.000010
0.017870 0.001794 0.218107 0.028724 0.078058 0.000010 0.190294 0.006961 0.000010 0.407877 0.050295
0.000010 0.011543 0.247238 0.005471 0.052370 0.065959 0.043446 0.043448 0.019813 0.498801 0.011901
0.000010 0.016715 0.102224 0.015434 0.066779 0.017197 0.072084 0.055381 0.035331 0.589108 0.029736
0.023521 0.011114 0.089149 0.021840 0.000010 0.003529 0.236332 0.028352 0.025786 0.560356 0.000010
0.000010 0.000010 0.155508 0.026473 0.052668 0.002702 0.115256 0.038283 0.026504 0.582575 0.000010
0.000016 0.008945 0.132932 0.000010 0.039100 0.058603 0.091959 0.012442 0.110826 0.545156 0.000010
0.000010 0.036622 0.111998 0.000010 0.099270 0.073411 0.003124 0.013538 0.007548 0.563060 0.091411
0.000011 0.032413 0.112622 0.031815 0.124795 0.030743 0.088563 0.014119 0.000010 0.530405 0.034504
0.000010 0.010680 0.262435 0.025160 0.082285 0.000010 0.014400 0.000010 0.043108 0.561891 0.000010
0.000010 0.000010 0.830356 0.000010 0.000010 0.000010 0.054968 0.000010 0.000010 0.000010 0.114596
0.071259 0.000010 0.027168 0.003302 0.259829 0.057402 0.072060 0.015808 0.000010 0.146957 0.346195
0.115407 0.035388 0.000010 0.000010 0.180346 0.060578 0.027706 0.023351 0.000010 0.107569 0.449627
0.100477 0.000010 0.033229 0.002821 0.155214 0.041622 0.168349 0.023226 0.000010 0.059320 0.415723
0.000010 0.022410 0.000010 0.003169 0.000010 0.050042 0.000010 0.000010 0.010917 0.000010 0.913402
0.228491 0.000010 0.162487 0.040398 0.034602 0.017842 0.000010 0.008444 0.036929 0.434561 0.036226
0.294980 0.014288 0.130812 0.000010 0.000010 0.004636 0.071780 0.009265 0.011816 0.407595 0.054808
0.551955 0.017091 0.033826 0.087783 0.002519 0.000010 0.000010 0.000010 0.000010 0.192084 0.114702
0.563643 0.067142 0.033149 0.032755 0.001787 0.000010 0.000010 0.087207 0.036972 0.083432 0.093892
0.472488 0.035859 0.050478 0.066248 0.093917 0.022826 0.000010 0.000945 0.062121 0.142717 0.052393
0.121388 0.027519 0.003328 0.000010 0.171769 0.036943 0.124512 0.016075 0.000010 0.115656 0.382791
0.132868 0.014238 0.020219 0.003015 0.214508 0.019233 0.000010 0.005020 0.013364 0.159347 0.418179
0.069814 0.009730 0.000010 0.009052 0.116356 0.047263 0.178669 0.019681 0.010571 0.087047 0.451808
0.019719 0.022812 0.000010 0.003959 0.005288 0.044766 0.000010 0.007313 0.000010 0.000010 0.896103
0.189059 0.011160 0.147323 0.024580 0.000010 0.001586 0.000010 0.034867 0.065719 0.440214 0.085471
0.292207 0.029201 0.181523 0.002337 0.000084 0.000010 0.026611 0.022672 0.018534 0.398662 0.028161
0.270049 0.018983 0.000010 0.005708 0.135094 0.034457 0.048662 0.017814 0.054951 0.398162 0.016110
0.290119 0.028534 0.159454 0.017333 0.095330 0.000010 0.000010 0.036091 0.043153 0.280715 0.049250
0.573121 0.004665 0.000010 0.379257 0.000010 0.000010 0.000010 0.000010 0.000010 0.000010 0.042887
0.434568 0.016674 0.069415 0.036720 0.083310 0.000010 0.000010 0.033455 0.103478 0.167925 0.054436
0.109976 0.001271 0.043651 0.000010 0.259657 0.000010 0.086399 0.000582 0.014783 0.159623 0.324039
0.046092 0.006287 0.054864 0.036912 0.106590 0.024178 0.156378 0.016343 0.000010 0.051359 0.500988
0.026135 0.014408 0.008964 0.000010 0.090422 0.068783 0.145993 0.000010 0.050565 0.118481 0.476229
0.008391 0.000010 0.019991 0.000010 0.021921 0.000010 0.000010 0.000010 0.000010 0.015109 0.934528
0.341317 0.000013 0.129187 0.017314 0.000010 0.000010 0.087638 0.033542 0.000010 0.385581 0.005378
0.372581 0.033812 0.059659 0.025558 0.119162 0.000010 0.023543 0.028993 0.045297 0.226565 0.064821
0.446189 0.000010 0.041743 0.048534 0.109708 0.031692 0.000010 0.038089 0.000010 0.192899 0.091116
0.411793 0.041649 0.054872 0.218581 0.068290 0.000010 0.000010 0.041113 0.028410 0.112830 0.022443
0.429701 0.011789 0.008777 0.032990 0.121937 0.000010 0.000010 0.004174 0.134701 0.177080 0.078831
0.120688 0.000010 0.000010 0.001029 0.172389 0.045826 0.120388 0.029571 0.025446 0.138422 0.346221
0.035901 0.000010 0.070914 0.020136 0.147260 0.000010 0.271545 0.017217 0.019370 0.056594 0.361044
0.092175 0.000885 0.033702 0.001638 0.148900 0.000010 0.179345 0.011255 0.020061 0.022693 0.489337
0.000010 0.000010 0.000010 0.032126 0.000010 0.050805 0.000010 0.000010 0.000010 0.011456 0.905543
0.419987 0.052675 0.040077 0.044110 0.119931 0.000010 0.000010 0.029648 0.065288 0.149028 0.079236
0.436521 0.043768 0.000010 0.037297 0.089815 0.027149 0.000010 0.025190 0.031554 0.214136 0.094551
0.324629 0.016781 0.112363 0.039812 0.098963 0.011206 0.000010 0.072963 0.025046 0.236636 0.061591
0.405993 0.000010 0.020940 0.041517 0.119314 0.047279 0.000010 0.038755 0.049425 0.222254 0.054503
0.530256 0.045067 0.009290 0.039281 0.048003 0.000010 0.000010 0.022473 0.098752 0.120957 0.085902
0.113336 0.025803 0.000514 0.000010 0.270638 0.023418 0.000010 0.002934 0.000010 0.165714 0.397614
0.052793 0.040903 0.022489 0.000010 0.064949 0.020325 0.266983 0.013725 0.027302 0.075704 0.414819
0.015797 0.000010 0.000018 0.017339 0.006128 0.001124 0.000010 0.016775 0.000010 0.000010 0.942779
0.000010 0.004552 0.030459 0.024357 0.000010 0.016474 0.053634 0.059129 0.000010 0.000010 0.811355
0.201013 0.027894 0.100095 0.011337 0.000010 0.062185 0.000010 0.051331 0.000010 0.478160 0.067954
0.619212 0.050001 0.127067 0.059218 0.000010 0.000010 0.000010 0.000010 0.000010 0.114798 0.029654
0.417024 0.000010 0.000010 0.032369 0.214818 0.000010 0.000010 0.046554 0.002586 0.234500 0.052110
0.574061 0.000010 0.000010 0.378443 0.000010 0.000010 0.000010 0.000010 0.000010 0.000010 0.047415
0.460116 0.021552 0.018570 0.047244 0.058462 0.000010 0.000010 0.019448 0.102583 0.157510 0.114495
0.089822 0.000750 0.018326 0.009105 0.209236 0.017572 0.094128 0.017218 0.002287 0.177128 0.364429
0.049400 0.017521 0.041483 0.000010 0.106631 0.038852 0.267586 0.016856 0.033828 0.034255 0.393578
0.000011 0.039600 0.003674 0.000010 0.025274 0.057018 0.000010 0.000010 0.000010 0.034198 0.840185
0.000010 0.010287 0.000010 0.000010 0.000010 0.021272 0.000010 0.000010 0.051894 0.037771 0.878716
0.227796 0.000010 0.162226 0.018017 0.006296 0.000010 0.031585 0.042740 0.041955 0.441217 0.028148
0.373140 0.032693 0.030751 0.045477 0.161325 0.000010 0.000010 0.035089 0.005489 0.250643 0.065374
0.537597 0.003275 0.000010 0.407792 0.000010 0.000010 0.000010 0.000010 0.000010 0.000010 0.051266
0.439741 0.023270 0.002711 0.158179 0.000010 0.043780 0.000010 0.054664 0.028153 0.187082 0.062400
0.468607 0.066635 0.044317 0.061400 0.058612 0.026785 0.000010 0.000010 0.040647 0.139301 0.093676
0.120682 0.017375 0.021775 0.031132 0.194745 0.034603 0.089416 0.000010 0.017813 0.141838 0.330614
0.053950 0.000010 0.047080 0.000010 0.079747 0.046800 0.148824 0.033444 0.033992 0.073216 0.482926
0.000010 0.017256 0.000010 0.000010 0.000010 0.000010 0.000010 0.016373 0.012080 0.012500 0.941731
0.273977 0.011318 0.161803 0.017372 0.000010 0.000010 0.000010 0.000010 0.034444 0.422731 0.078315
0.527842 0.000070 0.088173 0.088752 0.000010 0.000010 0.000010 0.009955 0.019772 0.182883 0.082523
0.396381 0.020608 0.022114 0.037638 0.136903 0.000010 0.000010 0.029070 0.043221 0.201977 0.112069
0.455712 0.025776 0.125223 0.015942 0.000010 0.021132 0.000010 0.019379 0.057523 0.218725 0.060567
0.090512 0.012460 0.000010 0.000010 0.178163 0.063668 0.060917 0.033043 0.026781 0.127781 0.406653
0.071983 0.000010 0.027074 0.023739 0.093707 0.057269 0.184210 0.025975 0.003201 0.133884 0.378947
0.013190 0.019261 0.000010 0.020481 0.000010 0.015000 0.070874 0.000010 0.029334 0.000010 0.831820
0.537689 0.000010 0.079928 0.104032 0.000010 0.000010 0.000010 0.000010 0.000010 0.190635 0.087656
0.458062 0.046956 0.015897 0.060672 0.110615 0.000010 0.000010 0.004703 0.072968 0.142564 0.087542
0.580942 0.000010 0.000010 0.351174 0.000010 0.000010 0.000010 0.000010 0.000010 0.007493 0.060321
0.429378 0.038783 0.026957 0.072225 0.064168 0.006072 0.000010 0.041074 0.059531 0.162885 0.098918
0.498675 0.046474 0.016590 0.024353 0.049547 0.000010 0.000010 0.023530 0.083214 0.159997 0.097600
0.013721 0.028034 0.167618 0.011883 0.060642 0.018403 0.091369 0.000010 0.009303 0.569067 0.029949
0.074886 0.000010 0.226217 0.007069 0.077147 0.000010 0.031665 0.007058 0.000010 0.510428 0.065500
0.000010 0.022158 0.000010 0.018067 0.115645 0.038809 0.000010 0.000010 0.029171 0.709629 0.066481
0.000010 0.008447 0.192361 0.017636 0.061881 0.000010 0.025559 0.000010 0.000010 0.616778 0.077298
0.027997 0.009437 0.081383 0.006359 0.002278 0.000010 0.157083 0.015446 0.000010 0.608610 0.091387
0.000010 0.000010 0.026404 0.028146 0.168383 0.000010 0.000010 0.000010 0.000010 0.707270 0.069736
0.254103 0.019729 0.000010 0.020911 0.160727 0.001018 0.000010 0.044650 0.000010 0.425087 0.073745
0.098988 0.012920 0.130153 0.003638 0.000010 0.000010 0.176820 0.011138 0.001301 0.505817 0.059207
0.055675 0.039692 0.439349 0.002917 0.000010 0.000010 0.000010 0.000010 0.001563 0.396423 0.064342
0.000010 0.001588 0.138686 0.021578 0.054936 0.034577 0.000010 0.000010 0.026344 0.578655 0.143606
0.062417 0.029883 0.219156 0.008841 0.000010 0.040200 0.014420 0.001368 0.000010 0.564521 0.059176
0.000010 0.028449 0.000010 0.019308 0.208546 0.000010 0.000010 0.000010 0.008324 0.706682 0.028641
0.000010 0.006828 0.165022 0.030767 0.050618 0.012631 0.018128 0.019938 0.027301 0.587984 0.080773
0.050617 0.016094 0.129686 0.024454 0.000010 0.022232 0.105546 0.006679 0.009123 0.544275 0.091285
0.000010 0.027126 0.055899 0.001269 0.111177 0.000010 0.000010 0.013106 0.048530 0.684549 0.058314
0.000010 0.012549 0.046703 0.015490 0.119019 0.000010 0.000010 0.001148 0.009608 0.706472 0.088981
0.233866 0.015857 0.000010 0.000010 0.081199 0.049246 0.057491 0.050293 0.000010 0.460195 0.051823
0.032827 0.025758 0.064605 0.000010 0.000010 0.000010 0.090089 0.033723 0.006178 0.552530 0.194261
0.092944 0.014750 0.174471 0.006006 0.003286 0.010009 0.059529 0.027387 0.042068 0.483223 0.086326
0.021960 0.026786 0.571724 0.008757 0.000010 0.000010 0.000010 0.000010 0.000010 0.370713 0.000010
0.020434 0.034963 0.417309 0.007841 0.048053 0.000010 0.000010 0.000975 0.000932 0.469461 0.000010
0.000010 0.004817 0.211715 0.036661 0.115299 0.000010 0.063707 0.000010 0.005829 0.549284 0.012658
0.001022 0.017293 0.008570 0.032801 0.186206 0.010619 0.018234 0.016277 0.003080 0.702813 0.003085
0.013124 0.000010 0.000010 0.024727 0.154456 0.000010 0.000010 0.000240 0.027944 0.731829 0.047639
0.000010 0.003689 0.238221 0.010782 0.053296 0.000010 0.096684 0.001906 0.041456 0.553936 0.000010
0.000010 0.013735 0.112815 0.022043 0.000010 0.016267 0.201600 0.029632 0.000010 0.550417 0.053460
0.002781 0.034727 0.031156 0.001739 0.093518 0.057908 0.019080 0.000010 0.031507 0.704318 0.023255
0.203025 0.031513 0.014436 0.000012 0.161231 0.015742 0.000010 0.043842 0.013350 0.446255 0.070584
0.280936 0.036102 0.018583 0.009283 0.130288 0.000010 0.015221 0.073559 0.016811 0.378558 0.040649
0.031845 0.034585 0.572181 0.009623 0.000010 0.000010 0.000010 0.000010 0.002343 0.349372 0.000010
0.000010 0.001582 0.221424 0.012590 0.114713 0.002554 0.023001 0.000010 0.000010 0.608692 0.015414
0.000010 0.015908 0.000289 0.029042 0.176262 0.000010 0.018464 0.041492 0.010284 0.694807 0.013433
0.043252 0.012004 0.000010 0.030276 0.105985 0.024130 0.012024 0.000010 0.024378 0.696398 0.051533
0.000010 0.016796 0.234767 0.004184 0.075244 0.015335 0.000010 0.000322 0.020973 0.592956 0.039403
0.081780 0.012054 0.097683 0.012828 0.000010 0.000010 0.202997 0.011227 0.000010 0.539671 0.041730
0.021655 0.028569 0.000010 0.024446 0.133860 0.000010 0.000010 0.000010 0.012842 0.676396 0.102191
0.183125 0.017723 0.024907 0.048927 0.166565 0.000010 0.036925 0.064180 0.011235 0.436698 0.009705
0.200701 0.007804 0.024939 0.017109 0.132007 0.019214 0.045609 0.054028 0.038906 0.447805 0.011879
0.008861 0.016382 0.085029 0.020777 0.000010 0.017566 0.116361 0.000010 0.035493 0.541327 0.158184
0.009506 0.027764 0.178180 0.023102 0.068734 0.000010 0.000010 0.036647 0.011733 0.504384 0.139929
0.023812 0.029633 0.668284 0.002250 0.000010 0.000010 0.000010 0.000010 0.000010 0.275961 0.000010
0.021183 0.031161 0.224538 0.007563 0.058911 0.029614 0.032236 0.000010 0.020514 0.552189 0.022081
0.026122 0.016210 0.035127 0.018297 0.155125 0.019953 0.000010 0.001133 0.012215 0.709728 0.006080
0.019684 0.007172 0.227404 0.012442 0.073930 0.041267 0.000010 0.023089 0.003185 0.536762 0.055056
0.000010 0.011371 0.220403 0.012258 0.019366 0.038566 0.066968 0.034631 0.036055 0.546449 0.013923
0.041248 0.040568 0.101895 0.002749 0.000010 0.000010 0.182504 0.032888 0.013067 0.546905 0.038156
0.000010 0.023439 0.018745 0.014650 0.096019 0.047406 0.033104 0.012988 0.014297 0.739332 0.000010
0.195580 0.005439 0.000010 0.009367 0.085210 0.040267 0.000010 0.060319 0.036148 0.460854 0.106796
0.066268 0.010878 0.120740 0.026558 0.000010 0.007628 0.146903 0.022207 0.008916 0.507233 0.082660
0.097630 0.000010 0.116763 0.004847 0.000010 0.013012 0.115802 0.012030 0.000010 0.515291 0.124594
0.085382 0.044810 0.114167 0.011130 0.000010 0.042831 0.065068 0.000486 0.000010 0.506097 0.130009
0.028318 0.009949 0.544860 0.000010 0.029629 0.000010 0.000010 0.000010 0.028743 0.358451 0.000010
0.000010 0.049656 0.213390 0.000010 0.099107 0.000010 0.040145 0.000010 0.019106 0.540489 0.038067
0.067083 0.010865 0.000010 0.000133 0.146215 0.037920 0.039855 0.031195 0.000016 0.644889 0.021819
0.000010 0.000010 0.203635 0.009908 0.009057 0.095714 0.009007 0.000010 0.034976 0.604358 0.033314
0.000020 0.019617 0.222635 0.000010 0.087807 0.001425 0.060479 0.001715 0.026371 0.559740 0.020181
0.000010 0.013199 0.172281 0.018222 0.000010 0.003523 0.196065 0.025517 0.007968 0.551060 0.012146
0.027037 0.014600 0.000010 0.015139 0.078988 0.044364 0.000010 0.037829 0.000010 0.707338 0.074674
0.179715 0.033913 0.005066 0.003020 0.134052 0.008439 0.025218 0.075647 0.027933 0.437277 0.069720
0.049963 0.030605 0.113751 0.005948 0.000010 0.000010 0.137499 0.002161 0.000635 0.524814 0.134605
0.058903 0.000327 0.106707 0.000010 0.000010 0.000010 0.121511 0.000010 0.027517 0.519601 0.165394
0.017738 0.023837 0.111949 0.000010 0.000010 0.000010 0.146144 0.000010 0.034100 0.529363 0.136830
0.000010 0.046155 0.507146 0.016770 0.003335 0.000010 0.000010 0.000010 0.024436 0.402108 0.000010
0.000010 0.025409 0.154643 0.004185 0.041772 0.023544 0.101486 0.000010 0.022798 0.606599 0.019545
0.000010 0.028920 0.000010 0.010160 0.149962 0.010376 0.012539 0.033352 0.020965 0.683173 0.050533
0.000010 0.032815 0.243809 0.009344 0.081767 0.005322 0.000010 0.001356 0.012007 0.548526 0.065034
0.036504 0.017359 0.138643 0.024235 0.000010 0.014110 0.078725 0.038131 0.025236 0.510533 0.116514
0.000010 0.048294 0.000010 0.025979 0.108310 0.047319 0.028521 0.026688 0.043053 0.669875 0.001941
0.243348 0.050097 0.000010 0.015225 0.161424 0.010040 0.000010 0.070394 0.039816 0.359847 0.049790
0.058895 0.018720 0.111479 0.013847 0.000010 0.005208 0.191045 0.000010 0.000010 0.558171 0.042605
0.132636 0.008055 0.040439 0.000019 0.087688 0.046583 0.055528 0.000010 0.019762 0.505722 0.103558
0.121194 0.023765 0.163759 0.012245 0.015940 0.000010 0.059536 0.004905 0.015235 0.472190 0.111221
0.017297 0.023504 0.446396 0.025287 0.020375 0.000010 0.000010 0.000010 0.000010 0.384784 0.082317
0.000010 0.000010 0.133599 0.013797 0.078970 0.045557 0.040527 0.000010 0.000010 0.594352 0.093158
0.012403 0.023234 0.000010 0.016789 0.111201 0.000010 0.000010 0.021201 0.027554 0.710062 0.077526
0.005245 0.008442 0.164907 0.021612 0.056586 0.015716 0.076423 0.000010 0.023357 0.627692 0.000010
0.061721 0.000010 0.160926 0.003232 0.034723 0.001442 0.112130 0.006153 0.000010 0.548928 0.070724
0.000010 0.034172 0.054287 0.004778 0.009056 0.026964 0.178351 0.000010 0.029769 0.595921 0.066684
0.010372 0.022884 0.016942 0.031283 0.157941 0.000010 0.000010 0.011110 0.041106 0.653014 0.055327
0.193421 0.045363 0.000010 0.021135 0.126852 0.028580 0.000010 0.059390 0.029555 0.436726 0.058957
0.088765 0.014054 0.105549 0.000010 0.000010 0.000010 0.126064 0.000010 0.000010 0.554852 0.110666
0.121495 0.000010 0.219778 0.000010 0.011852 0.000010 0.101768 0.000010 0.020050 0.465962 0.059054
0.121724 0.008128 0.177912 0.000010 0.022601 0.006793 0.071031 0.041814 0.016068 0.410098 0.123820
0.014962 0.021981 0.532091 0.006135 0.000010 0.035535 0.000010 0.000010 0.023091 0.366165 0.000010
0.029584 0.039315 0.035648 0.001260 0.023382 0.000010 0.082630 0.000010 0.003778 0.032426 0.751956
0.000010 0.002011 0.050959 0.021048 0.031828 0.040941 0.001056 0.000010 0.019848 0.098780 0.733509
0.062170 0.009397 0.040656 0.000010 0.085939 0.025232 0.169829 0.023511 0.019375 0.060067 0.503813
0.000010 0.000010 0.108152 0.011414 0.024267 0.000010 0.123578 0.019948 0.000010 0.000010 0.712592
0.026386 0.000010 0.248754 0.000010 0.016861 0.000010 0.065339 0.000010 0.018790 0.075220 0.548610
0.000010 0.000010 0.921793 0.000010 0.000010 0.000010 0.000010 0.000010 0.000010 0.000010 0.078117
