0.010262 0.056492 0.018025 0.260180 0.061202 0.446887 0.120839 0.026113
0.027327 0.011263 0.035023 0.191290 0.095485 0.354086 0.278155 0.007370
0.001123 0.037716 0.042645 0.232364 0.079401 0.357669 0.204514 0.044567
0.024083 0.004822 0.027898 0.256777 0.094476 0.432871 0.121177 0.037896
0.008494 0.052191 0.005441 0.271052 0.057664 0.421005 0.173829 0.010323
0.000010 0.043263 0.013709 0.232911 0.130050 0.370057 0.185414 0.024586
0.019532 0.063075 0.021214 0.226055 0.028012 0.421225 0.188038 0.032849
0.000010 0.067454 0.033724 0.245074 0.047756 0.409741 0.186872 0.009368
0.005838 0.000010 0.000010 0.269374 0.089352 0.497752 0.090672 0.046991
0.000010 0.062789 0.008991 0.240706 0.069627 0.400766 0.201486 0.015626
0.009572 0.000010 0.041810 0.219657 0.048638 0.416455 0.224631 0.039227
0.021506 0.044559 0.021448 0.305756 0.023536 0.342564 0.176802 0.063829
0.002328 0.059388 0.032698 0.212590 0.035393 0.421501 0.197449 0.038653
0.014439 0.017428 0.022288 0.207835 0.092427 0.462466 0.183108 0.000010
0.003558 0.067242 0.039996 0.193168 0.026654 0.451862 0.171848 0.045672
0.009742 0.051078 0.026207 0.203842 0.056344 0.479528 0.137730 0.035529
0.019586 0.056855 0.042377 0.252139 0.066574 0.388824 0.128777 0.044868
0.013525 0.052746 0.000010 0.453586 0.013154 0.265792 0.183777 0.017410
0.002064 0.000010 0.013868 0.298046 0.105438 0.500834 0.066001 0.013739
0.023092 0.041372 0.008248 0.183206 0.053954 0.492124 0.174405 0.023597
0.025454 0.020475 0.027502 0.271201 0.083356 0.482680 0.089321 0.000010
0.007922 0.085510 0.022512 0.218238 0.054232 0.327346 0.245027 0.039214
0.000010 0.061169 0.024902 0.270859 0.044798 0.364224 0.181176 0.052863
0.007870 0.084382 0.026476 0.237410 0.058422 0.397398 0.188032 0.000010
0.012431 0.057976 0.047093 0.262959 0.039883 0.353674 0.205740 0.020245
0.018713 0.106569 0.000010 0.000010 0.006889 0.021118 0.056776 0.789915
0.000010 0.000010 0.000010 0.000010 0.000010 0.000010 0.000010 0.999930
0.015354 0.151274 0.015423 0.015908 0.070761 0.000010 0.120831 0.610440
0.023887 0.059966 0.000010 0.000010 0.055026 0.000010 0.066750 0.794341
0.035846 0.181709 0.029466 0.007375 0.134547 0.000010 0.161242 0.449806
0.021579 0.125349 0.008463 0.014774 0.039705 0.015999 0.044928 0.729202
0.079923 0.303398 0.008052 0.016725 0.230754 0.021436 0.155639 0.184074
0.017032 0.201583 0.000010 0.000010 0.078403 0.013820 0.070786 0.618357
0.000010 0.032356 0.000010 0.000010 0.000010 0.000010 0.000010 0.967584
0.096593 0.250663 0.012785 0.014482 0.239844 0.011530 0.175032 0.199071
0.000010 0.000010 0.000010 0.000010 0.000010 0.000010 0.000010 0.999930
0.000010 0.000010 0.000010 0.000010 0.000010 0.000010 0.000010 0.999930
0.061521 0.166504 0.000010 0.048086 0.167373 0.012012 0.110629 0.433864
0.026590 0.119622 0.011341 0.000010 0.130927 0.010519 0.095639 0.605353
0.015644 0.118193 0.000010 0.027462 0.085777 0.000010 0.013041 0.739862
0.050806 0.077057 0.041330 0.004615 0.000010 0.000010 0.056458 0.769714
0.000010 0.007603 0.000010 0.000010 0.000010 0.000010 0.000010 0.992337
0.000010 0.000010 0.000010 0.000010 0.000010 0.000010 0.000010 0.999930
0.038999 0.015366 0.028944 0.000010 0.000010 0.000010 0.031866 0.884795
0.048598 0.224865 0.011235 0.000010 0.084954 0.000010 0.143009 0.487319
0.108169 0.251758 0.000010 0.000761 0.269210 0.000010 0.253971 0.116111
0.073043 0.216135 0.014818 0.000010 0.162993 0.027178 0.133586 0.372237
0.039318 0.260185 0.003884 0.004169 0.135221 0.035363 0.120579 0.401281
0.000010 0.000010 0.000010 0.000010 0.000010 0.000010 0.000010 0.999930
0.067122 0.266596 0.026693 0.043819 0.194397 0.001490 0.103250 0.296634
0.090388 0.191947 0.000010 0.011130 0.135141 0.025274 0.149473 0.396637
0.056147 0.222240 0.013733 0.029825 0.245822 0.007910 0.215108 0.209215
0.000010 0.000010 0.000010 0.000010 0.000010 0.000010 0.000010 0.999930
0.000010 0.053204 0.003719 0.000010 0.000010 0.017678 0.013495 0.911874
0.039641 0.187622 0.000010 0.020754 0.020172 0.017314 0.057366 0.657121
0.015970 0.079757 0.049410 0.000010 0.062675 0.005865 0.043792 0.742522
0.096865 0.267614 0.008911 0.053582 0.219477 0.000010 0.154197 0.199344
0.050246 0.204355 0.000010 0.023182 0.096737 0.000010 0.107136 0.518323
0.020561 0.089185 0.029871 0.024558 0.082261 0.007982 0.039433 0.706149
0.086675 0.245146 0.000010 0.030698 0.244377 0.000010 0.203121 0.189964
0.033588 0.174144 0.007216 0.013344 0.075123 0.010212 0.066043 0.620331
0.086024 0.223423 0.000010 0.018774 0.248727 0.035271 0.190609 0.197162
0.000010 0.000010 0.000010 0.000010 0.000010 0.000010 0.000010 0.999930
0.046827 0.166332 0.014888 0.000010 0.115018 0.014688 0.149483 0.492754
0.805970 0.193970 0.000010 0.000010 0.000010 0.000010 0.000010 0.000010
0.493497 0.328144 0.003694 0.047323 0.031013 0.000010 0.036338 0.059981
0.223624 0.465486 0.066173 0.031978 0.093367 0.000010 0.077638 0.041723
0.999930 0.000010 0.000010 0.000010 0.000010 0.000010 0.000010 0.000010
0.175556 0.530302 0.082942 0.001033 0.028281 0.000010 0.088527 0.093350
0.999930 0.000010 0.000010 0.000010 0.000010 0.000010 0.000010 0.000010
0.149901 0.397544 0.040365 0.034349 0.222894 0.000493 0.064926 0.089528
0.208100 0.545863 0.036703 0.042396 0.103009 0.000010 0.038573 0.025345
0.206254 0.564714 0.055297 0.030497 0.072592 0.000010 0.032938 0.037698
0.999930 0.000010 0.000010 0.000010 0.000010 0.000010 0.000010 0.000010
0.999930 0.000010 0.000010 0.000010 0.000010 0.000010 0.000010 0.000010
0.156000 0.454539 0.033091 0.000010 0.086257 0.000010 0.167585 0.102507
0.197138 0.538921 0.075944 0.000010 0.057530 0.000010 0.078695 0.051751
0.234459 0.561452 0.034076 0.000010 0.038891 0.015077 0.061498 0.054536
0.896174 0.103758 0.000010 0.000017 0.000010 0.000010 0.000010 0.000010
0.761918 0.184987 0.000010 0.000010 0.000010 0.000010 0.024379 0.028676
0.291306 0.390119 0.076207 0.023096 0.105379 0.000010 0.094080 0.019803
0.209955 0.578763 0.051537 0.053207 0.052240 0.003923 0.020242 0.030132
0.227229 0.559983 0.066899 0.000010 0.056277 0.036209 0.028116 0.025277
0.198063 0.470080 0.082692 0.003485 0.057646 0.000010 0.120578 0.067446
0.999930 0.000010 0.000010 0.000010 0.000010 0.000010 0.000010 0.000010
0.999930 0.000010 0.000010 0.000010 0.000010 0.000010 0.000010 0.000010
0.193704 0.497068 0.053881 0.000010 0.095621 0.000010 0.091916 0.067789
0.196144 0.472093 0.097786 0.000010 0.037908 0.000010 0.109553 0.086495
0.153511 0.478346 0.061009 0.000010 0.126922 0.000010 0.122903 0.057291
0.706006 0.244912 0.000010 0.000010 0.000010 0.006355 0.037314 0.005384
0.159386 0.470480 0.069464 0.000010 0.101732 0.000010 0.095235 0.103682
0.216208 0.512746 0.051203 0.010168 0.056374 0.000010 0.094817 0.058475
0.440259 0.321326 0.024099 0.000010 0.098117 0.000010 0.116169 0.000010
0.184390 0.515431 0.091730 0.000010 0.049669 0.000010 0.079244 0.079516
0.838360 0.130021 0.011662 0.000010 0.000010 0.000010 0.019600 0.000327
0.236085 0.506554 0.045695 0.000010 0.086153 0.000010 0.057442 0.068051
0.972660 0.027280 0.000010 0.000010 0.000010 0.000010 0.000010 0.000010
0.168977 0.455350 0.015720 0.000010 0.113581 0.017351 0.114059 0.114952
0.149261 0.458672 0.074458 0.000010 0.130153 0.000010 0.108018 0.079419
0.191740 0.552947 0.054037 0.015328 0.037938 0.000010 0.068026 0.079975
0.227287 0.461842 0.053107 0.007551 0.086407 0.000010 0.117092 0.046704
0.939469 0.000010 0.000010 0.029556 0.000010 0.000010 0.000010 0.030925
0.999930 0.000010 0.000010 0.000010 0.000010 0.000010 0.000010 0.000010
0.926256 0.000010 0.000010 0.000010 0.039924 0.012229 0.018050 0.003511
0.739824 0.219645 0.000010 0.026727 0.000010 0.000010 0.013765 0.000010
0.914916 0.059788 0.000010 0.000010 0.021398 0.000010 0.000010 0.003859
0.206758 0.303104 0.058885 0.029723 0.254809 0.009423 0.092935 0.044365
0.000010 0.041275 0.000010 0.116059 0.000010 0.002127 0.820524 0.019984
0.000010 0.028099 0.000010 0.103248 0.000010 0.080395 0.751960 0.036267
0.013621 0.000010 0.005672 0.000010 0.000010 0.000010 0.980657 0.000010
0.014590 0.000010 0.010260 0.022296 0.000010 0.000010 0.943854 0.008969
0.000010 0.030601 0.000010 0.025302 0.000010 0.000010 0.944047 0.000010
0.000010 0.000010 0.000010 0.000010 0.000010 0.000010 0.999930 0.000010
0.000010 0.000010 0.004895 0.000010 0.000010 0.000010 0.984505 0.010550
0.019345 0.019656 0.000010 0.012325 0.013593 0.039455 0.892777 0.002839
0.000010 0.000010 0.000010 0.000010 0.000010 0.000010 0.999930 0.000010
0.000010 0.939029 0.000010 0.060911 0.000010 0.000010 0.000010 0.000010
0.098547 0.610127 0.026544 0.074191 0.115593 0.000010 0.042402 0.032586
0.000010 0.995086 0.000010 0.000010 0.000010 0.004854 0.000010 0.000010
0.062549 0.740829 0.000010 0.025301 0.072174 0.059271 0.003730 0.036136
0.213625 0.447717 0.084664 0.002080 0.116629 0.000010 0.080349 0.054926
0.084391 0.727478 0.032212 0.065641 0.090248 0.000010 0.000010 0.000010
0.191504 0.391181 0.018137 0.039579 0.168339 0.000010 0.141696 0.049555
0.091947 0.753876 0.000010 0.054141 0.019665 0.010864 0.000905 0.068592
0.167383 0.416194 0.052782 0.056738 0.158041 0.000010 0.100093 0.048758
0.086559 0.616198 0.000010 0.053660 0.123102 0.004753 0.072275 0.043443
0.073744 0.596182 0.015695 0.050626 0.123223 0.025648 0.067291 0.047591
0.031884 0.763890 0.007658 0.034541 0.051455 0.009099 0.049855 0.051618
0.029842 0.895613 0.019977 0.049552 0.000010 0.004986 0.000010 0.000010
0.088341 0.637377 0.058601 0.038903 0.059699 0.000010 0.042990 0.074079
0.055963 0.714205 0.000010 0.014996 0.102953 0.033017 0.064334 0.014524
0.020841 0.815199 0.027588 0.037594 0.042315 0.048212 0.000010 0.008241
0.000010 0.956874 0.000010 0.000010 0.000010 0.043066 0.000010 0.000010
0.107302 0.482168 0.022136 0.001479 0.139426 0.000010 0.184676 0.062803
0.111849 0.500444 0.028051 0.016170 0.161639 0.025377 0.118615 0.037854
0.132653 0.516202 0.039797 0.000010 0.110537 0.000010 0.128213 0.072578
0.999930 0.000010 0.000010 0.000010 0.000010 0.000010 0.000010 0.000010
0.119685 0.465873 0.062445 0.000010 0.166853 0.015962 0.119950 0.049223
0.000010 0.992428 0.000010 0.000010 0.000010 0.007512 0.000010 0.000010
0.000010 0.921418 0.000010 0.000010 0.000010 0.078522 0.000010 0.000010
0.090355 0.724444 0.012827 0.003418 0.052439 0.040424 0.044775 0.031318
0.088607 0.676219 0.014495 0.029344 0.077196 0.027916 0.045315 0.040907
0.034345 0.789444 0.053227 0.000010 0.005308 0.011335 0.059237 0.047094
0.043333 0.732198 0.000010 0.024110 0.084553 0.060152 0.030721 0.024923
0.082070 0.797900 0.000010 0.056225 0.000010 0.000010 0.020001 0.043773
0.000010 0.979462 0.000010 0.000010 0.000010 0.020478 0.000010 0.000010
0.000010 0.966517 0.000010 0.015319 0.000010 0.018114 0.000010 0.000010
0.093696 0.599475 0.056310 0.013488 0.086134 0.025213 0.073978 0.051707
0.034752 0.822238 0.000010 0.074629 0.027534 0.004852 0.010358 0.025627
0.108560 0.457859 0.038129 0.016134 0.167011 0.000010 0.142384 0.069912
0.007452 0.951626 0.000010 0.040872 0.000010 0.000010 0.000010 0.000010
0.109357 0.589426 0.033895 0.000010 0.112548 0.015931 0.071257 0.067577
0.051840 0.777661 0.000010 0.054394 0.043058 0.024450 0.022401 0.026186
0.133407 0.409391 0.056161 0.037389 0.146271 0.000010 0.142897 0.074474
0.118028 0.461884 0.037333 0.041442 0.166911 0.000684 0.094031 0.079689
0.016217 0.000010 0.025633 0.237203 0.097939 0.521817 0.101172 0.000010
0.000010 0.069979 0.029023 0.188620 0.041421 0.593252 0.053177 0.024519
0.000010 0.028712 0.048503 0.251768 0.044982 0.536293 0.052277 0.037454
0.000010 0.035495 0.000010 0.270839 0.103390 0.513995 0.050612 0.025648
0.008579 0.008952 0.020847 0.270673 0.059285 0.565512 0.033491 0.032662
0.010625 0.004913 0.013330 0.244714 0.049221 0.550921 0.068731 0.057544
0.022055 0.000010 0.002227 0.304128 0.058078 0.560497 0.014272 0.038733
0.016039 0.000010 0.022084 0.237390 0.101143 0.558203 0.050092 0.015040
0.000010 0.028829 0.000010 0.231085 0.095306 0.571907 0.063316 0.009537
0.011735 0.015621 0.000010 0.193348 0.058787 0.601144 0.089456 0.029900
0.019758 0.000010 0.015370 0.289468 0.072486 0.575430 0.000010 0.027467
0.000614 0.016321 0.001383 0.263001 0.060948 0.590972 0.029292 0.037469
0.012561 0.029992 0.000600 0.263712 0.060420 0.553194 0.061383 0.018138
0.000010 0.008700 0.410875 0.020817 0.000010 0.519809 0.016866 0.022913
0.002051 0.053473 0.338881 0.016836 0.011083 0.557056 0.006507 0.014112
0.017185 0.030551 0.397569 0.000010 0.000010 0.549805 0.004859 0.000010
0.000010 0.000010 0.426892 0.000010 0.000010 0.526914 0.046144 0.000010
0.000010 0.059627 0.346140 0.035709 0.000010 0.527100 0.031394 0.000010
0.021910 0.043859 0.330900 0.013582 0.000010 0.563608 0.024231 0.001900
0.017447 0.000010 0.352984 0.013781 0.000010 0.514181 0.074160 0.027427
0.019049 0.026849 0.323470 0.015778 0.000010 0.573438 0.000010 0.041394
0.000010 0.026176 0.338173 0.118735 0.000010 0.515568 0.000010 0.001318
0.014335 0.001571 0.394548 0.030549 0.002386 0.521051 0.004978 0.030582
0.000010 0.005014 0.416892 0.020936 0.000010 0.529627 0.001189 0.026322
0.012076 0.000010 0.421452 0.013952 0.016282 0.499269 0.000010 0.036949
0.007923 0.016298 0.367872 0.014728 0.048552 0.535160 0.000010 0.009456
0.004622 0.026454 0.433251 0.046940 0.000010 0.488703 0.000010 0.000010
0.019818 0.024711 0.384561 0.000010 0.002537 0.537771 0.002812 0.027781
0.021057 0.030086 0.355572 0.031800 0.011031 0.541260 0.000533 0.008661
0.003758 0.000010 0.414446 0.000010 0.048566 0.529720 0.000010 0.003479
0.009791 0.049466 0.299492 0.034322 0.029486 0.558032 0.000010 0.019401
0.015428 0.026068 0.267369 0.058338 0.021321 0.595151 0.000010 0.016315
0.011003 0.017932 0.415007 0.063955 0.000010 0.491668 0.000010 0.000415
0.008371 0.011627 0.377446 0.018165 0.010164 0.519250 0.026752 0.028227
0.018148 0.023917 0.349625 0.000911 0.000010 0.566730 0.030450 0.010208
0.000010 0.018740 0.000010 0.101915 0.000010 0.000010 0.879296 0.000010
0.000010 0.000010 0.000010 0.000010 0.000010 0.000010 0.999930 0.000010
0.000010 0.000010 0.000010 0.000010 0.000010 0.000010 0.999930 0.000010
0.000010 0.000010 0.000010 0.000010 0.000010 0.000010 0.999930 0.000010
0.000010 0.000010 0.000010 0.000010 0.000010 0.000010 0.999930 0.000010
0.000010 0.000010 0.000010 0.000010 0.000010 0.000010 0.999930 0.000010
0.006947 0.000010 0.007909 0.000010 0.000010 0.000010 0.937575 0.047529
0.000010 0.000010 0.000010 0.005333 0.000010 0.000010 0.994607 0.000010
0.000010 0.000010 0.000010 0.000010 0.000010 0.000010 0.999930 0.000010
0.000010 0.068846 0.000010 0.073129 0.006176 0.010931 0.832879 0.008019
0.012696 0.000010 0.000010 0.015375 0.000010 0.000010 0.920506 0.051383
0.000010 0.000010 0.000010 0.000010 0.000010 0.000010 0.999930 0.000010
0.000010 0.000010 0.022527 0.000010 0.000010 0.000010 0.977413 0.000010
0.000010 0.000010 0.000010 0.000010 0.000010 0.000010 0.999930 0.000010
0.000010 0.000010 0.000010 0.000010 0.000010 0.000010 0.999930 0.000010
0.000010 0.034793 0.000010 0.058454 0.001572 0.043883 0.861268 0.000010
0.001364 0.018326 0.005489 0.057675 0.015482 0.038255 0.838128 0.025282
0.000010 0.000010 0.000010 0.015178 0.000010 0.000020 0.984753 0.000010
0.003831 0.000010 0.000010 0.973210 0.000010 0.000010 0.000010 0.022909
0.007678 0.000010 0.028152 0.964121 0.000010 0.000010 0.000010 0.000010
0.000010 0.000010 0.000179 0.985350 0.000010 0.000010 0.000010 0.014420
0.000010 0.000010 0.000010 0.999930 0.000010 0.000010 0.000010 0.000010
0.000010 0.000010 0.005800 0.994140 0.000010 0.000010 0.000010 0.000010
0.000010 0.007442 0.014096 0.964091 0.000010 0.014330 0.000010 0.000010
0.000010 0.031512 0.006165 0.938513 0.000010 0.000010 0.000010 0.023769
0.000010 0.000010 0.003541 0.966749 0.000010 0.000010 0.005276 0.024395
0.000719 0.000010 0.020282 0.896409 0.000010 0.058092 0.022924 0.001554
0.000010 0.000010 0.029723 0.873397 0.000010 0.038611 0.058229 0.000010
0.000010 0.026908 0.015580 0.887744 0.000578 0.048968 0.010681 0.009532
0.000010 0.000010 0.000010 0.992623 0.000010 0.000010 0.007317 0.000010
0.000010 0.000010 0.023614 0.965059 0.000010 0.011278 0.000010 0.000010
0.007691 0.000010 0.010000 0.982259 0.000010 0.000010 0.000010 0.000010
0.003061 0.000010 0.000010 0.996879 0.000010 0.000010 0.000010 0.000010
0.000010 0.003894 0.013735 0.939124 0.000010 0.000010 0.043208 0.000010
0.000010 0.000010 0.000010 0.999930 0.000010 0.000010 0.000010 0.000010
0.005646 0.000010 0.000010 0.970748 0.000010 0.023557 0.000010 0.000010
0.000010 0.000010 0.000010 0.999930 0.000010 0.000010 0.000010 0.000010
0.000010 0.000010 0.000010 0.999930 0.000010 0.000010 0.000010 0.000010
0.000010 0.008867 0.217034 0.073067 0.568397 0.070533 0.041350 0.020742
0.008157 0.000010 0.118013 0.061187 0.624888 0.145810 0.034314 0.007621
0.007026 0.000010 0.111822 0.070366 0.596452 0.102988 0.071852 0.039484
0.022876 0.028713 0.165360 0.048466 0.544791 0.131914 0.018330 0.039551
0.000010 0.050504 0.090787 0.036793 0.578790 0.136226 0.068741 0.038150
0.015778 0.010546 0.112992 0.096381 0.611915 0.115547 0.000010 0.036830
0.018938 0.000010 0.219575 0.000010 0.444390 0.216805 0.089684 0.010589
0.000010 0.000010 0.254820 0.073022 0.521848 0.059682 0.042077 0.048533
0.007002 0.003361 0.113543 0.033622 0.618180 0.102585 0.056084 0.065623
0.008541 0.016011 0.082908 0.077123 0.610195 0.165017 0.000010 0.040196
0.008881 0.000010 0.158630 0.045415 0.616440 0.086725 0.038490 0.045409
0.000010 0.085918 0.130709 0.083051 0.567707 0.099903 0.018192 0.014510
0.000010 0.000010 0.134152 0.069302 0.580569 0.109489 0.085017 0.021451
0.025672 0.000010 0.122342 0.047111 0.555043 0.114949 0.114607 0.020265
0.013325 0.030255 0.267761 0.021099 0.590401 0.013032 0.064118 0.000010
0.000010 0.000010 0.802975 0.000010 0.000010 0.196965 0.000010 0.000010
0.011049 0.020985 0.075858 0.055753 0.172943 0.361387 0.276681 0.025345
0.009286 0.090249 0.065922 0.047300 0.136644 0.413397 0.199681 0.037521
0.023888 0.008794 0.098055 0.058309 0.100811 0.475843 0.192820 0.041479
0.008878 0.006669 0.158487 0.035608 0.000010 0.787301 0.000010 0.003038
0.061643 0.170573 0.177713 0.018656 0.483380 0.009453 0.048073 0.030510
0.030836 0.200590 0.144569 0.023810 0.470244 0.070223 0.019487 0.040241
0.181979 0.335030 0.070714 0.000010 0.292496 0.015551 0.069250 0.034971
0.129993 0.425798 0.057317 0.000010 0.185707 0.009886 0.061156 0.130133
0.139065 0.378416 0.062902 0.003747 0.227391 0.000010 0.152098 0.036372
0.003684 0.076189 0.063911 0.047408 0.162427 0.413683 0.200421 0.032278
0.023236 0.095092 0.095001 0.000010 0.184696 0.353622 0.231977 0.016366
0.018486 0.043566 0.060707 0.065087 0.117760 0.533015 0.135582 0.025797
0.017534 0.007001 0.157799 0.011331 0.000010 0.762180 0.028987 0.015157
0.042073 0.177126 0.171228 0.004173 0.485231 0.057425 0.006751 0.055992
0.043757 0.206315 0.190106 0.000010 0.464369 0.019348 0.025851 0.050245
0.038307 0.230276 0.000010 0.037855 0.453098 0.038828 0.156670 0.044957
0.060979 0.226984 0.184154 0.000010 0.338074 0.000010 0.127079 0.062709
0.496080 0.383258 0.000010 0.000010 0.086987 0.004157 0.000010 0.029489
0.100340 0.381343 0.081099 0.000010 0.242947 0.000010 0.126477 0.067774
0.013451 0.066119 0.090142 0.000010 0.191442 0.346474 0.279104 0.013258
0.043842 0.014732 0.132302 0.040010 0.076281 0.553677 0.118399 0.020757
0.000010 0.056670 0.082490 0.088236 0.146897 0.529824 0.095864 0.000010
0.003427 0.000010 0.199459 0.000010 0.010842 0.761819 0.024423 0.000010
0.065548 0.201599 0.126461 0.000010 0.461209 0.060361 0.008547 0.076266
0.082785 0.294856 0.069942 0.000010 0.292024 0.039512 0.158829 0.062043
0.110433 0.258877 0.073235 0.018982 0.273536 0.009073 0.172888 0.082976
0.289895 0.315868 0.056147 0.000010 0.173305 0.000010 0.092088 0.072676
0.090700 0.413823 0.042706 0.000010 0.244033 0.005066 0.170104 0.033558
0.013385 0.097456 0.011072 0.056957 0.175115 0.416950 0.185001 0.044064
0.023190 0.017204 0.117691 0.042553 0.089777 0.520597 0.166642 0.022345
0.011818 0.065111 0.106673 0.019991 0.059147 0.553699 0.167984 0.015577
0.037126 0.000010 0.155161 0.033061 0.011556 0.763067 0.000010 0.000010
0.112673 0.353749 0.071097 0.000010 0.227753 0.000010 0.175450 0.059258
0.108729 0.323616 0.002978 0.018853 0.296929 0.046272 0.137622 0.065001
0.084651 0.236402 0.126487 0.006282 0.294646 0.015562 0.134050 0.101921
0.096303 0.293111 0.039742 0.036828 0.289436 0.000010 0.167373 0.077197
0.125601 0.458401 0.031240 0.000010 0.207404 0.012754 0.104747 0.059845
0.014602 0.061931 0.069653 0.005086 0.197657 0.336590 0.295208 0.019272
0.010254 0.066877 0.079552 0.062816 0.115190 0.562265 0.083116 0.019930
0.023321 0.000010 0.178013 0.000010 0.000010 0.765971 0.013956 0.018709
0.027285 0.000010 0.168192 0.004192 0.000010 0.747044 0.000010 0.053257
0.042647 0.097332 0.125337 0.059983 0.538243 0.036260 0.021287 0.078910
0.176622 0.419515 0.131080 0.000010 0.214647 0.000010 0.000010 0.058106
0.090299 0.256559 0.000010 0.000010 0.311272 0.000010 0.257037 0.084804
0.480241 0.387817 0.000010 0.000010 0.068039 0.000010 0.049834 0.014039
0.115282 0.394897 0.073737 0.000010 0.233645 0.008507 0.119890 0.054033
0.017286 0.045680 0.073626 0.022288 0.200897 0.386731 0.223576 0.029917
0.005318 0.062188 0.093009 0.085607 0.068166 0.543807 0.120912 0.020994
0.010458 0.004833 0.165527 0.018887 0.028369 0.716793 0.049497 0.005636
0.002138 0.049486 0.138849 0.000010 0.029930 0.773279 0.006298 0.000010
0.042039 0.158650 0.174034 0.000010 0.499657 0.028336 0.026688 0.070585
0.097638 0.256866 0.056284 0.000010 0.319066 0.000010 0.203768 0.066358
0.519216 0.350270 0.000010 0.000010 0.104523 0.000010 0.025952 0.000010
0.229121 0.332970 0.025602 0.055978 0.249602 0.003225 0.008368 0.095134
0.146408 0.372235 0.079832 0.023717 0.238626 0.008357 0.124747 0.006078
0.048869 0.099483 0.075605 0.041591 0.174724 0.348114 0.211605 0.000010
0.001249 0.052866 0.120433 0.057705 0.096060 0.535290 0.096284 0.040113
0.000010 0.009226 0.168445 0.000010 0.000013 0.793810 0.000010 0.028477
0.052967 0.212970 0.179050 0.000010 0.490903 0.052232 0.006152 0.005715
0.165764 0.346068 0.115004 0.000010 0.273475 0.000010 0.048552 0.051116
0.098403 0.285049 0.057868 0.000010 0.282443 0.032050 0.184718 0.059460
0.086457 0.352690 0.140058 0.017669 0.301578 0.000010 0.044745 0.056794
0.010628 0.069065 0.064181 0.061825 0.161739 0.397968 0.191231 0.043363
0.029626 0.025054 0.082377 0.082539 0.169221 0.464547 0.110584 0.036051
0.026088 0.050077 0.101575 0.011740 0.004823 0.805677 0.000010 0.000010
0.190134 0.327098 0.119981 0.000010 0.284482 0.000010 0.029862 0.048423
0.137032 0.371648 0.059355 0.000010 0.227775 0.000010 0.163422 0.040748
0.450328 0.375615 0.003438 0.000010 0.131123 0.000010 0.012527 0.026950
0.142320 0.341525 0.071720 0.000010 0.240524 0.008356 0.121913 0.073633
0.104924 0.411840 0.059379 0.000010 0.249242 0.001065 0.109460 0.064081
0.005561 0.005156 0.179410 0.044988 0.607918 0.100273 0.052441 0.004252
0.011727 0.001899 0.240705 0.000010 0.558956 0.085061 0.082843 0.018799
0.006789 0.006328 0.015757 0.045910 0.743515 0.078796 0.102896 0.000010
0.002290 0.000010 0.208134 0.000010 0.640940 0.105170 0.043435 0.000010
0.000010 0.000010 0.094026 0.016457 0.653494 0.213831 0.000992 0.021181
0.004931 0.000010 0.044052 0.000010 0.725202 0.080417 0.145369 0.000010
0.054625 0.145563 0.013237 0.000010 0.491442 0.031747 0.191377 0.071998
0.011775 0.046058 0.133188 0.013221 0.566836 0.201650 0.000010 0.027262
0.009409 0.050245 0.479013 0.000010 0.427507 0.033795 0.000010 0.000010
0.008660 0.000010 0.174313 0.037732 0.602121 0.135241 0.040437 0.001486
0.013034 0.023241 0.238174 0.045067 0.606111 0.064352 0.000010 0.010011
0.008438 0.000010 0.003518 0.000010 0.740463 0.045602 0.201949 0.000010
0.019322 0.000010 0.183099 0.019303 0.615791 0.105045 0.031805 0.025624
0.020485 0.027635 0.144119 0.038653 0.584321 0.170680 0.000010 0.014096
0.000010 0.022111 0.090841 0.000010 0.714319 0.051223 0.102469 0.019017
0.000010 0.000010 0.080450 0.000010 0.726374 0.086803 0.102549 0.003794
0.028968 0.119015 0.000010 0.053346 0.527799 0.078510 0.110335 0.082016
0.000010 0.016381 0.093758 0.000010 0.588945 0.259656 0.000010 0.041231
0.009611 0.087708 0.188525 0.021829 0.525585 0.125510 0.002053 0.039178
0.013240 0.000010 0.582269 0.000010 0.404440 0.000010 0.000010 0.000010
0.007131 0.007227 0.432897 0.000010 0.502142 0.000010 0.043278 0.007304
0.019608 0.000010 0.219331 0.009351 0.571118 0.080698 0.099874 0.000010
0.016800 0.000010 0.005664 0.017976 0.731954 0.045174 0.164096 0.018327
0.010387 0.002517 0.000010 0.000010 0.770064 0.067223 0.141301 0.008488
0.000010 0.011357 0.238876 0.000010 0.589136 0.101424 0.053122 0.006065
0.005153 0.000010 0.116960 0.052387 0.585955 0.210423 0.000010 0.029102
0.000010 0.024081 0.044033 0.068462 0.735971 0.051647 0.075787 0.000010
0.015773 0.154034 0.040483 0.007704 0.490748 0.039008 0.185234 0.067016
0.049563 0.196336 0.020584 0.000010 0.441593 0.028310 0.159035 0.104570
0.014387 0.026297 0.582259 0.000010 0.377017 0.000010 0.000010 0.000010
0.000010 0.000010 0.223136 0.003762 0.626239 0.057108 0.089724 0.000010
0.012563 0.000010 0.008565 0.000010 0.718277 0.051139 0.158717 0.050719
0.025577 0.028699 0.000010 0.022189 0.736133 0.084883 0.096519 0.005990
0.000010 0.000010 0.250601 0.013265 0.619581 0.050084 0.062923 0.003526
0.015014 0.032374 0.097663 0.017667 0.596338 0.210050 0.005589 0.025304
0.020047 0.015138 0.031725 0.000013 0.707980 0.097755 0.127332 0.000010
0.068736 0.122299 0.023785 0.000010 0.484181 0.034205 0.181938 0.084845
0.037201 0.154603 0.022236 0.019447 0.497671 0.043545 0.149412 0.075886
0.014066 0.019216 0.113011 0.034718 0.576435 0.242534 0.000010 0.000010
0.020807 0.007935 0.216015 0.000010 0.528799 0.125056 0.059578 0.041799
0.013902 0.000010 0.675811 0.000010 0.310236 0.000010 0.000010 0.000010
0.003331 0.031807 0.236122 0.037224 0.584739 0.056388 0.050043 0.000345
0.009000 0.004841 0.062875 0.016456 0.743797 0.000010 0.154773 0.008247
0.003968 0.000010 0.245320 0.036254 0.561559 0.061069 0.063787 0.028032
0.003347 0.000010 0.228799 0.056586 0.577505 0.084758 0.006817 0.042180
0.001784 0.049875 0.099522 0.000010 0.595860 0.211561 0.000010 0.041378
0.000307 0.000010 0.028725 0.056587 0.770845 0.046265 0.077911 0.019351
0.027847 0.142053 0.020843 0.036008 0.508536 0.081025 0.100990 0.082697
0.024944 0.034023 0.129349 0.036204 0.552409 0.191998 0.000010 0.031064
0.007836 0.033548 0.138284 0.032844 0.562338 0.198463 0.000010 0.026676
0.021602 0.053043 0.146442 0.059832 0.548907 0.155683 0.000010 0.014481
0.000010 0.042663 0.553807 0.000010 0.380595 0.000010 0.022895 0.000010
0.000010 0.014590 0.229568 0.000010 0.574302 0.088300 0.093209 0.000010
0.000010 0.025016 0.000010 0.046286 0.683066 0.064614 0.138322 0.042677
0.000010 0.000010 0.214327 0.097203 0.632847 0.055583 0.000010 0.000010
0.000010 0.005085 0.229517 0.021818 0.591102 0.080078 0.069380 0.003010
0.002441 0.000010 0.170569 0.038924 0.588075 0.174098 0.000010 0.025873
0.006766 0.000010 0.017760 0.042056 0.737272 0.084273 0.062951 0.048913
0.025455 0.143191 0.019878 0.005565 0.482746 0.073719 0.151584 0.097862
0.010067 0.025847 0.136697 0.000010 0.568150 0.244568 0.000010 0.014652
0.000010 0.041023 0.132123 0.010154 0.560360 0.252634 0.000010 0.003685
0.000010 0.032873 0.130078 0.017988 0.569556 0.249476 0.000010 0.000010
0.018236 0.024394 0.521605 0.000010 0.434048 0.000010 0.001687 0.000010
0.000010 0.004231 0.158455 0.044781 0.645511 0.114292 0.032711 0.000010
0.001848 0.003311 0.000010 0.014840 0.715435 0.087148 0.135104 0.042304
0.002680 0.000010 0.273946 0.010862 0.573293 0.061608 0.071485 0.006117
0.021907 0.027872 0.161345 0.028681 0.546926 0.168293 0.000010 0.044966
0.018646 0.047533 0.001373 0.060704 0.700083 0.047659 0.092103 0.031898
0.053831 0.212677 0.000010 0.005451 0.410855 0.035550 0.184459 0.097166
0.019497 0.000010 0.113321 0.054459 0.625758 0.184633 0.000010 0.002312
0.004396 0.096604 0.060669 0.053953 0.555440 0.130925 0.098003 0.000010
0.023934 0.086762 0.182830 0.000010 0.518029 0.147207 0.021992 0.019237
0.025458 0.000010 0.483011 0.000010 0.411089 0.058873 0.021540 0.000010
0.000010 0.000010 0.149104 0.056641 0.608220 0.133104 0.052902 0.000010
0.007694 0.019963 0.019195 0.001363 0.744702 0.076734 0.101782 0.028567
0.005876 0.010592 0.168158 0.041041 0.663565 0.069890 0.040868 0.000010
0.001558 0.000010 0.169881 0.019056 0.598483 0.154431 0.039601 0.016981
0.000010 0.018177 0.060943 0.062743 0.639547 0.215670 0.000010 0.002900
0.021092 0.033661 0.041283 0.000010 0.677960 0.059071 0.148657 0.018266
0.046769 0.168956 0.000010 0.021223 0.483438 0.055773 0.142735 0.081095
0.005597 0.022025 0.128439 0.021342 0.612169 0.195153 0.000010 0.015265
0.000010 0.085570 0.229324 0.002602 0.519435 0.132836 0.030213 0.000010
0.004807 0.078788 0.201969 0.020386 0.451539 0.154524 0.030270 0.057716
0.000010 0.032551 0.543379 0.033930 0.390100 0.000010 0.000010 0.000010
0.017569 0.038419 0.159645 0.000010 0.030600 0.718135 0.034772 0.000850
0.022302 0.000010 0.187723 0.017218 0.089365 0.644569 0.038804 0.000010
0.000010 0.059565 0.113749 0.045525 0.080152 0.569647 0.097906 0.033447
0.012410 0.000010 0.216535 0.000010 0.000010 0.725669 0.025327 0.020027
0.000010 0.029991 0.335960 0.000010 0.081145 0.532807 0.020067 0.000010
0.000010 0.000010 0.973668 0.000010 0.000010 0.026272 0.000010 0.000010
0.023040 0.000010 0.160269 0.000010 0.037883 0.684952 0.081945 0.011892
0.021136 0.035283 0.149542 0.074523 0.065089 0.588729 0.065687 0.000010
0.000010 0.019025 0.220581 0.000010 0.000010 0.722792 0.033239 0.004333
0.000010 0.000010 0.337146 0.000010 0.000010 0.619611 0.043194 0.000010
0.011071 0.016291 0.300883 0.033321 0.074202 0.554775 0.009447 0.000010
0.000010 0.000010 0.999930 0.000010 0.000010 0.000010 0.000010 0.000010
0.005096 0.013852 0.204074 0.032529 0.077255 0.607277 0.044154 0.015763
0.019894 0.029606 0.175740 0.000010 0.093087 0.606699 0.074953 0.000010
0.011461 0.000010 0.216291 0.038343 0.007968 0.715222 0.009164 0.001540
0.026169 0.000010 0.191786 0.000010 0.000010 0.781995 0.000010 0.000010
0.007432 0.009590 0.363409 0.000010 0.091801 0.516998 0.000010 0.010749
0.000010 0.000010 0.999930 0.000010 0.000010 0.000010 0.000010 0.000010
0.004864 0.052786 0.206703 0.027104 0.028039 0.647216 0.022310 0.010977
0.033551 0.014692 0.171108 0.000010 0.061385 0.639574 0.079671 0.000010
0.000010 0.015956 0.206272 0.052265 0.000010 0.710806 0.004998 0.009683
0.010287 0.059458 0.315341 0.000010 0.019708 0.573198 0.000010 0.021988
0.000010 0.000010 0.321946 0.000010 0.064850 0.558791 0.001611 0.052771
0.000010 0.000010 0.999930 0.000010 0.000010 0.000010 0.000010 0.000010
0.000010 0.082608 0.213467 0.040783 0.007006 0.636803 0.000010 0.019313
0.002565 0.056500 0.164466 0.000010 0.030046 0.640184 0.059097 0.047132
0.012395 0.001791 0.183358 0.038052 0.000010 0.731242 0.008797 0.024355
0.013124 0.037860 0.321651 0.013750 0.054205 0.556005 0.003395 0.000010
0.009822 0.008014 0.298692 0.060018 0.075407 0.530066 0.000010 0.017971
0.000010 0.000010 0.999930 0.000010 0.000010 0.000010 0.000010 0.000010
0.010826 0.057296 0.195857 0.030192 0.031618 0.587364 0.059427 0.027421
0.018490 0.012115 0.218321 0.000010 0.032748 0.604434 0.080591 0.033291
0.000010 0.035532 0.179634 0.000010 0.000010 0.724194 0.030460 0.030151
0.027354 0.000010 0.358842 0.000010 0.039457 0.560799 0.000010 0.013518
0.000010 0.000010 0.915524 0.000010 0.000010 0.084416 0.000010 0.000010
0.000010 0.000010 0.978670 0.000010 0.000010 0.014681 0.000010 0.006599
0.000010 0.031018 0.177727 0.000010 0.000010 0.681472 0.068051 0.041701
0.016419 0.008244 0.125007 0.032703 0.036953 0.649363 0.098878 0.032433
0.016128 0.000010 0.162423 0.048754 0.072928 0.558446 0.089491 0.051821
0.015894 0.009399 0.203921 0.068426 0.000010 0.662177 0.013065 0.027107
0.000010 0.032303 0.343518 0.054007 0.036883 0.533259 0.000010 0.000010
0.000010 0.000010 0.999930 0.000010 0.000010 0.000010 0.000010 0.000010
0.004705 0.000010 0.831096 0.000010 0.000010 0.164148 0.000010 0.000010
0.016493 0.000010 0.156621 0.000010 0.014738 0.670955 0.104746 0.036426
0.015233 0.067964 0.207630 0.034836 0.041651 0.632667 0.000010 0.000010
0.023786 0.016745 0.156037 0.000010 0.030107 0.628883 0.093488 0.050943
0.010155 0.020339 0.244692 0.044211 0.000010 0.671809 0.000010 0.008773
0.000010 0.029080 0.329941 0.000010 0.047589 0.565980 0.017196 0.010194
0.000010 0.000010 0.999930 0.000010 0.000010 0.000010 0.000010 0.000010
0.483372 0.397361 0.010945 0.028124 0.057840 0.001579 0.000010 0.020770
0.021045 0.000010 0.088953 0.113109 0.058029 0.544079 0.131692 0.043083
0.007804 0.057733 0.065250 0.087355 0.056071 0.609154 0.107314 0.009319
0.002075 0.031822 0.132034 0.000010 0.041741 0.561159 0.193712 0.037447
0.012096 0.000010 0.000010 0.210581 0.100409 0.651368 0.000010 0.025516
0.030836 0.030889 0.000010 0.031415 0.203748 0.301320 0.345457 0.056325
0.001780 0.044094 0.077676 0.062569 0.101892 0.534785 0.153603 0.023603
0.006607 0.030248 0.080671 0.088874 0.086465 0.557982 0.141593 0.007560
0.004349 0.007963 0.013126 0.234150 0.017061 0.651473 0.034634 0.037244
0.011363 0.000010 0.032668 0.247837 0.085714 0.598597 0.023801 0.000010
0.021065 0.115350 0.000010 0.000010 0.508354 0.014651 0.276382 0.064179
0.015644 0.057673 0.141272 0.046853 0.079975 0.480653 0.135271 0.042658
0.022921 0.008939 0.070312 0.105897 0.077338 0.598965 0.090821 0.024808
0.020985 0.000010 0.006582 0.246983 0.075520 0.592766 0.036750 0.020404
0.011393 0.012917 0.016197 0.206178 0.087272 0.607449 0.038360 0.020234
0.018351 0.134154 0.031623 0.041041 0.228574 0.193408 0.258804 0.094045
0.013462 0.041895 0.092645 0.096932 0.027652 0.542573 0.136049 0.048793
0.015353 0.041790 0.092838 0.069678 0.072791 0.560837 0.142928 0.003785
0.000010 0.000010 0.033640 0.120800 0.086184 0.612621 0.108547 0.038187
0.001499 0.006326 0.052922 0.238683 0.051229 0.598190 0.021452 0.029700
0.058904 0.119621 0.000010 0.020947 0.305729 0.131185 0.277447 0.086157
0.003246 0.000010 0.178888 0.000010 0.607728 0.128247 0.055566 0.026304
0.012630 0.025518 0.076113 0.158087 0.085073 0.482506 0.116711 0.043362
0.000010 0.068487 0.071926 0.093016 0.074862 0.545735 0.119031 0.026933
0.013129 0.002226 0.063204 0.228388 0.092471 0.567537 0.016487 0.016559
0.008187 0.000010 0.002895 0.198339 0.110992 0.634525 0.045042 0.000010
0.029126 0.091174 0.000010 0.032078 0.220989 0.339450 0.264781 0.022391
0.021272 0.042181 0.109040 0.016167 0.071683 0.532580 0.199374 0.007702
0.000010 0.076930 0.126148 0.033114 0.096797 0.491089 0.157636 0.018275
0.015841 0.018316 0.082769 0.030942 0.053764 0.544904 0.175816 0.077648
0.009616 0.017585 0.000010 0.217111 0.078952 0.643754 0.024579 0.008393
0.013697 0.072704 0.121794 0.059721 0.051553 0.561386 0.089302 0.029843
0.018594 0.063036 0.103519 0.058597 0.060306 0.501501 0.183229 0.011219
0.025610 0.026500 0.104163 0.152821 0.054898 0.553968 0.039451 0.042590
0.000010 0.046573 0.050890 0.183123 0.052527 0.631958 0.013539 0.021380
0.005461 0.063546 0.062858 0.106844 0.083047 0.528624 0.105067 0.044552
0.007375 0.053643 0.066660 0.071002 0.060453 0.600420 0.125127 0.015322
0.000010 0.040288 0.071105 0.060178 0.070350 0.642466 0.083954 0.031650
0.014590 0.018632 0.042651 0.195964 0.030714 0.649832 0.011754 0.035863
0.027823 0.161776 0.001532 0.056650 0.216164 0.264562 0.233149 0.038346
0.000010 0.014558 0.017014 0.236103 0.092286 0.567842 0.059870 0.012316
0.000010 0.031019 0.018881 0.256911 0.114139 0.552834 0.000010 0.026197
0.022973 0.000010 0.054268 0.298764 0.077266 0.530816 0.015894 0.000010
0.000010 0.015628 0.029916 0.239431 0.099191 0.564431 0.023358 0.028035
0.009384 0.021296 0.000205 0.177010 0.088712 0.555618 0.121791 0.025984
0.022556 0.004757 0.034806 0.205027 0.066558 0.551755 0.111840 0.002701
0.013430 0.027775 0.004655 0.273708 0.096545 0.491182 0.063459 0.029246
0.019927 0.013580 0.028628 0.211208 0.103916 0.519020 0.103710 0.000010
0.006248 0.005310 0.022899 0.182584 0.082643 0.528951 0.135533 0.035832
0.001605 0.008108 0.003258 0.252588 0.124585 0.531406 0.078439 0.000010
0.004567 0.007548 0.000010 0.183199 0.111472 0.551190 0.121315 0.020699
0.036471 0.074733 0.057335 0.312434 0.070485 0.191685 0.256847 0.000010
0.052957 0.085906 0.034122 0.280497 0.036645 0.283346 0.213665 0.012862
0.010991 0.096765 0.000010 0.354480 0.050732 0.240701 0.246312 0.000010
0.030643 0.072603 0.005594 0.378979 0.056432 0.189446 0.224421 0.041882
0.035375 0.028833 0.000010 0.317690 0.091076 0.281672 0.215719 0.029624
0.012462 0.094569 0.032748 0.396396 0.034789 0.220941 0.169519 0.038577
0.062947 0.077678 0.000010 0.301755 0.070295 0.251556 0.195388 0.040371
0.052696 0.028797 0.000010 0.266945 0.054575 0.291890 0.271627 0.033460
0.027181 0.000010 0.015765 0.434951 0.084816 0.230637 0.205583 0.001057
0.022433 0.024547 0.000010 0.336447 0.075770 0.292244 0.248539 0.000010
0.013035 0.000010 0.028567 0.535213 0.056639 0.205716 0.160809 0.000010
0.000010 0.009918 0.002960 0.598510 0.029319 0.182044 0.171356 0.005882
0.009299 0.003795 0.014586 0.583243 0.040021 0.202826 0.137712 0.008518
0.045429 0.030763 0.011491 0.316815 0.101399 0.230026 0.264068 0.000010
0.029241 0.110939 0.000010 0.303550 0.076460 0.256059 0.190325 0.033416
0.018904 0.110892 0.010012 0.291902 0.036257 0.270629 0.251091 0.010313
0.016010 0.090486 0.019887 0.317256 0.083479 0.248048 0.217436 0.007399
0.006368 0.074230 0.037719 0.363626 0.070199 0.271147 0.176701 0.000010
0.004515 0.076243 0.000010 0.266883 0.096424 0.303751 0.234004 0.018171
0.019713 0.065482 0.006759 0.368369 0.054524 0.229825 0.255318 0.000010
0.023061 0.066190 0.000010 0.348731 0.045141 0.307191 0.206382 0.003293
0.000170 0.102571 0.000010 0.282518 0.098438 0.277336 0.238947 0.000010
0.017003 0.104454 0.000010 0.360023 0.035810 0.257544 0.216750 0.008405
0.005105 0.037949 0.019172 0.201960 0.104589 0.279372 0.335549 0.016305
0.006691 0.092654 0.000010 0.310022 0.080172 0.293624 0.185363 0.031463
0.022250 0.107347 0.004727 0.288375 0.068375 0.236448 0.263062 0.009414
0.022658 0.080785 0.042388 0.357903 0.060084 0.220871 0.186830 0.028481
0.020176 0.086482 0.000010 0.346639 0.102923 0.215954 0.223809 0.004007
0.016636 0.082703 0.027004 0.377830 0.061137 0.200854 0.209032 0.024805
0.009418 0.095899 0.012613 0.312583 0.063041 0.216896 0.273056 0.016493
0.040043 0.056616 0.000010 0.327518 0.074028 0.214803 0.270078 0.016903
0.032037 0.047984 0.001175 0.293190 0.114769 0.265207 0.239548 0.006090
0.031459 0.086547 0.015701 0.228898 0.117753 0.189425 0.276723 0.053494
0.000010 0.000010 0.404292 0.024353 0.000010 0.571305 0.000010 0.000010
0.032186 0.000010 0.240799 0.056745 0.000010 0.621321 0.048920 0.000010
0.028961 0.000010 0.276543 0.034957 0.000010 0.618303 0.000010 0.041205
0.000010 0.042686 0.367597 0.011495 0.000010 0.557411 0.011549 0.009243
0.000010 0.009286 0.056611 0.150196 0.117913 0.487071 0.170148 0.008763
0.000010 0.027176 0.384262 0.018009 0.000010 0.559126 0.000010 0.011396
0.000010 0.024190 0.000010 0.241055 0.093522 0.532803 0.106268 0.002141
0.020310 0.000010 0.331626 0.024308 0.000010 0.623717 0.000010 0.000010
0.017925 0.000010 0.411966 0.005065 0.000010 0.565004 0.000010 0.000010
0.030427 0.067368 0.012347 0.408141 0.078903 0.227257 0.175546 0.000010
0.012733 0.086819 0.002617 0.382860 0.057636 0.244176 0.209245 0.003914
0.012369 0.067962 0.000010 0.539336 0.043433 0.177616 0.120449 0.038825
0.020145 0.069784 0.041726 0.356511 0.025804 0.235067 0.236744 0.014218
0.001986 0.101543 0.000010 0.384023 0.044404 0.261911 0.206114 0.000010
0.000010 0.000010 0.009253 0.658592 0.026456 0.138713 0.166955 0.000010
0.011829 0.067636 0.000010 0.388918 0.045044 0.225267 0.250946 0.010351
0.008778 0.026192 0.000010 0.733405 0.000010 0.132948 0.085925 0.012732
0.006141 0.049926 0.000010 0.531359 0.040947 0.181321 0.190286 0.000010
0.008798 0.051848 0.000010 0.436725 0.045805 0.236321 0.175634 0.044858
0.033819 0.115817 0.000010 0.237859 0.053119 0.265807 0.288809 0.004762
0.017438 0.074732 0.034760 0.229510 0.029816 0.304219 0.273526 0.035998
0.017085 0.137161 0.003568 0.233741 0.066013 0.273524 0.268757 0.000150
0.033133 0.078793 0.024490 0.248991 0.051494 0.327894 0.235195 0.000010
0.023404 0.116406 0.015143 0.221054 0.051694 0.279744 0.251967 0.040587
