0.256602 0.119748 0.027330 0.057789 0.024803 0.045867 0.016182 0.444550 0.007129
0.189095 0.276616 0.008622 0.092091 0.006549 0.011901 0.034991 0.352670 0.027464
0.231531 0.201076 0.019870 0.074935 0.043409 0.032196 0.041460 0.355513 0.000010
0.254484 0.118639 0.012692 0.090498 0.036031 0.005473 0.026498 0.432210 0.023474
0.267778 0.172111 0.008158 0.054887 0.009775 0.055413 0.004946 0.418467 0.008466
0.231021 0.182712 0.011398 0.125698 0.023234 0.044353 0.013446 0.368127 0.000010
0.224451 0.184090 0.036457 0.024119 0.031436 0.047036 0.019297 0.418792 0.014323
0.242799 0.186191 0.008885 0.046512 0.010048 0.066152 0.033971 0.405431 0.000010
0.267838 0.089039 0.000010 0.086348 0.046141 0.005472 0.000010 0.495533 0.009609
0.237502 0.199092 0.028484 0.066049 0.013977 0.048445 0.007570 0.398871 0.000010
0.217584 0.223481 0.003044 0.046276 0.038522 0.004161 0.041398 0.414580 0.010952
0.303521 0.173581 0.030117 0.019933 0.061655 0.034034 0.019504 0.340892 0.016763
0.210694 0.195135 0.014775 0.033342 0.037555 0.057910 0.031546 0.418473 0.000571
0.206345 0.180223 0.023830 0.087132 0.000010 0.010166 0.021508 0.460163 0.010623
0.190454 0.167926 0.032472 0.021304 0.042172 0.057943 0.038214 0.449504 0.000010
0.200870 0.135631 0.018629 0.052775 0.033670 0.049178 0.024989 0.477084 0.007175
0.249839 0.126194 0.038313 0.062586 0.042657 0.039379 0.040125 0.386827 0.014080
0.450385 0.181418 0.025935 0.010510 0.016652 0.042514 0.000010 0.263200 0.009377
0.295850 0.062371 0.000010 0.099174 0.012403 0.014331 0.013596 0.498892 0.003373
0.179946 0.171795 0.000010 0.050111 0.022027 0.054155 0.007727 0.489307 0.024922
0.267997 0.086015 0.000010 0.077382 0.000010 0.033791 0.027044 0.480713 0.027038
0.216135 0.243408 0.017587 0.053648 0.038700 0.075928 0.021458 0.324756 0.008380
0.268124 0.177787 0.035182 0.041257 0.050687 0.041349 0.023009 0.362594 0.000010
0.234388 0.185454 0.030322 0.054390 0.000010 0.071982 0.024668 0.394750 0.004035
0.261139 0.201729 0.042131 0.036005 0.018302 0.038144 0.045171 0.351692 0.005686
0.000010 0.053085 0.000010 0.005626 0.788243 0.113764 0.000010 0.020074 0.019179
0.000010 0.000010 0.000010 0.000010 0.999920 0.000010 0.000010 0.000010 0.000010
0.013592 0.118852 0.046921 0.069151 0.605159 0.124275 0.013895 0.000010 0.008145
0.000010 0.064909 0.039813 0.053227 0.789794 0.034759 0.000010 0.000010 0.017468
0.002990 0.160360 0.068070 0.132308 0.445873 0.139291 0.027095 0.000010 0.024003
0.015324 0.042345 0.041775 0.038167 0.726546 0.100441 0.007733 0.013473 0.014197
0.012955 0.154967 0.068544 0.229001 0.182084 0.260297 0.006534 0.017716 0.067903
0.000010 0.067881 0.043123 0.077293 0.614973 0.177587 0.000010 0.009921 0.009202
0.000010 0.000010 0.000010 0.000010 0.951729 0.048201 0.000010 0.000010 0.000010
0.010404 0.174243 0.059161 0.237447 0.197219 0.214500 0.010954 0.009770 0.086302
0.000010 0.000010 0.000010 0.000010 0.999920 0.000010 0.000010 0.000010 0.000010
0.000010 0.000010 0.000010 0.000010 0.999920 0.000010 0.000010 0.000010 0.000010
0.045554 0.109181 0.053915 0.164888 0.429983 0.134118 0.000010 0.010137 0.052214
0.000010 0.096163 0.016061 0.131340 0.602023 0.108106 0.011374 0.008335 0.026588
0.024808 0.012392 0.035599 0.084176 0.736711 0.097179 0.000010 0.000010 0.009115
0.004721 0.052994 0.055544 0.000010 0.766825 0.043480 0.037001 0.000010 0.039415
0.000010 0.000010 0.041625 0.000010 0.958305 0.000010 0.000010 0.000010 0.000010
0.000010 0.000010 0.000010 0.000010 0.999920 0.000010 0.000010 0.000010 0.000010
0.000010 0.031295 0.022160 0.000010 0.878999 0.003485 0.029444 0.000010 0.034588
0.000010 0.139070 0.034656 0.086399 0.484325 0.203910 0.007845 0.000010 0.043774
0.000010 0.249304 0.063714 0.266446 0.114239 0.208140 0.000010 0.000010 0.098127
0.000010 0.130320 0.076353 0.161535 0.369902 0.165957 0.011116 0.025008 0.059799
0.000704 0.119171 0.071528 0.133429 0.397739 0.216504 0.001337 0.032581 0.027009
0.000010 0.000010 0.000010 0.000010 0.999920 0.000010 0.000010 0.000010 0.000010
0.040257 0.101507 0.077306 0.192429 0.293123 0.218418 0.023247 0.000010 0.053703
0.009462 0.147903 0.067831 0.133586 0.393126 0.147438 0.000010 0.021884 0.078760
0.027067 0.213353 0.042547 0.243839 0.206588 0.198522 0.012657 0.006156 0.049272
0.000010 0.000010 0.000010 0.000010 0.999920 0.000010 0.000010 0.000010 0.000010
0.000010 0.013725 0.017034 0.000010 0.904543 0.042541 0.005058 0.017069 0.000010
0.019686 0.055905 0.038915 0.021014 0.654633 0.162906 0.000010 0.013702 0.033230
0.000010 0.037147 0.070172 0.056193 0.741675 0.040533 0.045642 0.007714 0.000914
0.048824 0.152665 0.075796 0.217442 0.196735 0.219021 0.005620 0.000010 0.083887
0.018007 0.106598 0.037192 0.097459 0.515334 0.180605 0.000010 0.000010 0.044784
0.022519 0.039788 0.002156 0.082643 0.703365 0.090003 0.031212 0.006708 0.021607
0.025668 0.202689 0.039254 0.244589 0.187248 0.219464 0.000016 0.000010 0.081062
0.011093 0.063803 0.067646 0.072721 0.617245 0.133331 0.005049 0.008267 0.020846
0.014918 0.188595 0.079652 0.244676 0.194034 0.172701 0.000010 0.032888 0.072526
0.000010 0.000010 0.000010 0.000010 0.999920 0.000010 0.000010 0.000010 0.000010
0.000010 0.144596 0.074847 0.110160 0.488517 0.124392 0.011526 0.014111 0.031842
0.000010 0.000010 0.092796 0.000010 0.000010 0.129002 0.000010 0.000010 0.778141
0.039233 0.033899 0.132031 0.028756 0.057204 0.244534 0.000010 0.000010 0.464323
0.024834 0.075356 0.161725 0.094788 0.038980 0.355250 0.056928 0.000010 0.192129
0.000010 0.000010 0.000010 0.000010 0.000010 0.000010 0.000010 0.000010 0.999920
0.000010 0.080534 0.176952 0.029499 0.090412 0.410025 0.070034 0.000010 0.142524
0.000013 0.000010 0.000010 0.000010 0.000010 0.000010 0.000010 0.000010 0.999917
0.028361 0.062256 0.117588 0.221289 0.087280 0.319809 0.034387 0.000010 0.129019
0.000010 0.000010 0.999920 0.000010 0.000010 0.000010 0.000010 0.000010 0.000010
0.000010 0.000010 0.999920 0.000010 0.000010 0.000010 0.000010 0.000010 0.000010
0.000010 0.000011 0.000010 0.000010 0.000010 0.000010 0.000010 0.000010 0.999919
0.000010 0.000010 0.000010 0.000010 0.000010 0.000010 0.000010 0.000010 0.999920
0.000010 0.160562 0.151601 0.087940 0.099162 0.353330 0.020510 0.000010 0.126874
0.000010 0.070229 0.181537 0.059429 0.048991 0.414802 0.061178 0.000010 0.163814
0.000010 0.000010 0.999920 0.000010 0.000010 0.000010 0.000010 0.000010 0.000010
0.000010 0.000010 0.115877 0.000010 0.000010 0.016757 0.000010 0.000010 0.867307
0.000010 0.021842 0.068001 0.000010 0.028534 0.139615 0.000010 0.000010 0.741969
0.015063 0.088936 0.351939 0.090424 0.008344 0.170470 0.056516 0.000010 0.218296
0.000010 0.000010 0.999920 0.000010 0.000010 0.000010 0.000010 0.000010 0.000010
0.000010 0.000010 0.999920 0.000010 0.000010 0.000010 0.000010 0.000010 0.000010
0.000010 0.115619 0.167491 0.059956 0.064554 0.356143 0.069948 0.000010 0.166269
0.000010 0.000016 0.000010 0.000015 0.000010 0.000010 0.000010 0.000010 0.999908
0.000010 0.000010 0.000010 0.000010 0.000010 0.000010 0.000010 0.000010 0.999920
0.000010 0.084146 0.171897 0.094231 0.065568 0.381898 0.040878 0.000010 0.161361
0.000010 0.102208 0.176060 0.039189 0.084396 0.351774 0.084577 0.000010 0.161776
0.000010 0.115672 0.152581 0.127547 0.054684 0.375302 0.048599 0.000010 0.125597
0.000010 0.033184 0.119390 0.000010 0.003093 0.168829 0.000010 0.000442 0.675032
0.000010 0.088606 0.144283 0.103353 0.100428 0.372876 0.057562 0.000010 0.132873
0.001816 0.091685 0.162909 0.056830 0.055771 0.406390 0.041302 0.000010 0.183286
0.000010 0.111156 0.104468 0.098071 0.000010 0.251494 0.016925 0.000010 0.417857
0.000010 0.071845 0.160915 0.051413 0.076957 0.405362 0.079304 0.000010 0.154185
0.000010 0.017608 0.046455 0.000010 0.000010 0.104854 0.010402 0.000010 0.820642
0.000010 0.000012 0.999918 0.000010 0.000010 0.000010 0.000010 0.000010 0.000010
0.000010 0.000010 0.120545 0.000010 0.000010 0.000010 0.000010 0.000010 0.879385
0.000010 0.108150 0.149876 0.113636 0.111157 0.358213 0.007038 0.012002 0.139918
0.000010 0.100899 0.148663 0.129631 0.076472 0.361688 0.062231 0.000010 0.120395
0.006875 0.065175 0.179350 0.039802 0.076369 0.432013 0.041844 0.000010 0.158562
0.001196 0.114815 0.151076 0.087255 0.044752 0.357095 0.043716 0.000010 0.200085
0.020160 0.000010 0.069393 0.000010 0.018423 0.000010 0.000010 0.000010 0.891973
0.000010 0.000010 0.000010 0.000010 0.000010 0.000010 0.000010 0.000010 0.999920
0.000010 0.017034 0.017404 0.040088 0.003763 0.000010 0.000010 0.013431 0.908250
0.019918 0.013092 0.077660 0.000010 0.000010 0.172814 0.000010 0.000010 0.716475
0.000010 0.000010 0.132832 0.000010 0.000010 0.000010 0.000010 0.000010 0.867098
0.026649 0.091081 0.111983 0.252327 0.043193 0.227697 0.055074 0.006540 0.185456
0.113939 0.819936 0.000014 0.000010 0.019300 0.045030 0.000010 0.001751 0.000010
0.102521 0.748164 0.013135 0.000010 0.034038 0.022536 0.000010 0.079577 0.000010
0.000010 0.978034 0.000010 0.000010 0.000010 0.000010 0.006963 0.000010 0.014943
0.022194 0.941779 0.000010 0.000010 0.008501 0.000010 0.011717 0.000326 0.015454
0.025152 0.940763 0.018579 0.000010 0.000010 0.015457 0.000010 0.000010 0.000010
0.000010 0.999920 0.000010 0.000010 0.000010 0.000010 0.000010 0.000010 0.000010
0.000010 0.982971 0.000010 0.000010 0.010739 0.000010 0.006230 0.000010 0.000010
0.010912 0.891975 0.038166 0.007976 0.000735 0.000010 0.000010 0.037534 0.012683
0.000010 0.999920 0.000010 0.000010 0.000010 0.000010 0.000010 0.000010 0.000010
0.013462 0.000010 0.000010 0.000010 0.000010 0.986468 0.000010 0.000010 0.000010
0.058975 0.045873 0.073461 0.120439 0.029150 0.563082 0.021652 0.000010 0.087357
0.000010 0.000010 0.000010 0.000010 0.000010 0.999920 0.000010 0.000010 0.000010
0.008862 0.009080 0.071913 0.077677 0.032982 0.701920 0.000010 0.046450 0.051105
0.000010 0.074911 0.125786 0.116910 0.052591 0.366038 0.074930 0.000010 0.188814
0.049365 0.000010 0.098606 0.094080 0.000010 0.661511 0.025696 0.000010 0.070712
0.032626 0.140237 0.116093 0.167613 0.048079 0.314775 0.011059 0.000010 0.169507
0.037957 0.003597 0.121146 0.023936 0.066974 0.674891 0.000010 0.000010 0.071480
0.049719 0.097459 0.121581 0.157689 0.045449 0.338126 0.044704 0.000010 0.145264
0.039177 0.072972 0.091040 0.125545 0.041156 0.557954 0.000010 0.000010 0.072137
0.044794 0.068176 0.063353 0.129425 0.046226 0.553457 0.014585 0.014489 0.065495
0.015959 0.056632 0.060186 0.057529 0.046805 0.733529 0.005210 0.000010 0.024140
0.030737 0.000010 0.105291 0.000597 0.000010 0.830286 0.015700 0.000010 0.017358
0.025443 0.042373 0.098290 0.062523 0.070689 0.575579 0.052185 0.000010 0.072908
0.002879 0.067735 0.079880 0.106640 0.011726 0.668310 0.000010 0.019984 0.042836
0.021168 0.000010 0.050734 0.050840 0.006399 0.790954 0.028131 0.037111 0.014653
0.000010 0.000010 0.000010 0.000010 0.000010 0.998721 0.000010 0.001209 0.000010
0.000010 0.178449 0.103084 0.141085 0.060444 0.413504 0.013421 0.000010 0.089994
0.008088 0.118181 0.090241 0.163126 0.036423 0.442490 0.024394 0.019862 0.097196
0.000010 0.119787 0.134286 0.110126 0.068479 0.431053 0.028803 0.000010 0.107445
0.000010 0.000010 0.000010 0.000010 0.000010 0.000010 0.000010 0.000010 0.999920
0.000010 0.118940 0.083735 0.168886 0.047294 0.409569 0.059466 0.006300 0.105800
0.000010 0.000010 0.000010 0.000010 0.000010 0.999920 0.000010 0.000010 0.000010
0.000010 0.000010 0.000010 0.000010 0.000010 0.950768 0.000010 0.049162 0.000010
0.000010 0.042304 0.099246 0.056007 0.026827 0.667816 0.008398 0.025745 0.073646
0.021684 0.045311 0.090071 0.081191 0.038991 0.622132 0.011248 0.015890 0.073482
0.000010 0.053963 0.087525 0.012774 0.044834 0.734440 0.045681 0.000010 0.020763
0.012628 0.034167 0.076825 0.087498 0.023237 0.685373 0.000010 0.047991 0.032271
0.031897 0.021617 0.083478 0.000010 0.045540 0.745281 0.000010 0.000010 0.072156
0.000010 0.000010 0.000010 0.000010 0.000010 0.999920 0.000010 0.000010 0.000010
0.000010 0.000010 0.000012 0.000010 0.000010 0.999918 0.000010 0.000010 0.000010
0.005946 0.073779 0.115549 0.088166 0.049562 0.525811 0.052642 0.015330 0.073214
0.050547 0.016901 0.032730 0.037934 0.023547 0.804799 0.000010 0.000010 0.033523
0.008353 0.141584 0.082005 0.167557 0.068612 0.402554 0.033315 0.000010 0.096011
0.001911 0.000010 0.000016 0.000010 0.000010 0.998013 0.000010 0.000010 0.000010
0.000010 0.069529 0.100572 0.117123 0.064932 0.521249 0.030209 0.003547 0.092829
0.036279 0.028034 0.056009 0.048361 0.020307 0.755261 0.000010 0.013538 0.042202
0.030775 0.140670 0.110284 0.146605 0.072308 0.336700 0.049127 0.000010 0.113522
0.032609 0.092709 0.105489 0.166421 0.076980 0.395290 0.031227 0.000010 0.099266
0.235192 0.095222 0.029712 0.088247 0.000010 0.000010 0.021983 0.521659 0.007964
0.184092 0.052094 0.000010 0.037755 0.023640 0.084543 0.029409 0.588447 0.000010
0.249150 0.051556 0.003007 0.043552 0.037446 0.034422 0.047835 0.533021 0.000010
0.267463 0.047281 0.037571 0.096367 0.022856 0.016100 0.000010 0.512341 0.000010
0.268562 0.031101 0.015884 0.055713 0.031559 0.007031 0.018671 0.563856 0.007623
0.243094 0.064391 0.033539 0.041103 0.054541 0.000010 0.011301 0.548949 0.003072
0.302204 0.011037 0.012816 0.053247 0.037756 0.002151 0.000863 0.558827 0.021098
0.234873 0.049812 0.004952 0.098534 0.014478 0.000010 0.022255 0.555668 0.019418
0.229018 0.061681 0.000010 0.091579 0.008827 0.040832 0.000010 0.568033 0.000010
0.191407 0.086661 0.021704 0.053862 0.028539 0.011103 0.000010 0.597556 0.009159
0.286518 0.000010 0.007468 0.068398 0.025828 0.004050 0.015117 0.572217 0.020395
0.260366 0.026634 0.019819 0.056454 0.035862 0.012229 0.000257 0.588369 0.000010
0.261182 0.059144 0.005631 0.056810 0.016582 0.037129 0.000010 0.550086 0.013426
0.019611 0.018244 0.005257 0.000010 0.022604 0.009183 0.409280 0.515801 0.000010
0.015998 0.002136 0.035488 0.006408 0.011597 0.038317 0.335164 0.554881 0.000010
0.000010 0.002854 0.000010 0.000010 0.000010 0.037821 0.395399 0.545363 0.018524
0.000010 0.044750 0.000010 0.000010 0.000010 0.006793 0.425250 0.523157 0.000010
0.033543 0.027491 0.043019 0.000010 0.000010 0.030618 0.340644 0.524655 0.000010
0.010910 0.021909 0.047526 0.000010 0.000010 0.022796 0.326348 0.559993 0.010498
0.012459 0.071131 0.018603 0.000010 0.024466 0.000010 0.348898 0.511836 0.012587
0.014285 0.000010 0.023003 0.000010 0.039946 0.017292 0.320785 0.569241 0.015428
0.117059 0.000010 0.017034 0.000010 0.000447 0.017708 0.335560 0.512162 0.000010
0.028684 0.004590 0.013479 0.000010 0.029123 0.000010 0.392881 0.518294 0.012929
0.014410 0.000010 0.035503 0.000010 0.013042 0.000010 0.408957 0.528047 0.000010
0.011626 0.000010 0.022913 0.010782 0.033301 0.000010 0.418014 0.496812 0.006531
0.010905 0.000010 0.042947 0.042408 0.007144 0.000010 0.363814 0.532753 0.000010
0.044612 0.000010 0.004140 0.000010 0.000010 0.030980 0.431294 0.485100 0.003844
0.000010 0.001836 0.008434 0.001492 0.027053 0.025829 0.381732 0.534698 0.018917
0.030052 0.000010 0.038005 0.007263 0.007559 0.012532 0.352734 0.538152 0.013693
0.000010 0.000010 0.018022 0.043729 0.001203 0.000010 0.410343 0.526612 0.000061
0.031911 0.000010 0.019163 0.027539 0.018695 0.043466 0.297549 0.554318 0.007348
0.055198 0.000010 0.020422 0.018013 0.014517 0.024112 0.264398 0.592476 0.010854
0.062688 0.000010 0.023096 0.000010 0.000010 0.008219 0.411723 0.487455 0.006791
0.017219 0.025221 0.013823 0.008330 0.026582 0.010278 0.374558 0.517112 0.006876
0.000010 0.029931 0.016520 0.000010 0.008823 0.018222 0.346160 0.563432 0.016892
0.101219 0.870102 0.000010 0.000010 0.000010 0.028620 0.000010 0.000010 0.000010
0.000010 0.999920 0.000010 0.000010 0.000010 0.000010 0.000010 0.000010 0.000010
0.000010 0.999920 0.000010 0.000010 0.000010 0.000010 0.000010 0.000010 0.000010
0.000010 0.999920 0.000010 0.000010 0.000010 0.000010 0.000010 0.000010 0.000010
0.000010 0.999920 0.000010 0.000010 0.000010 0.000010 0.000010 0.000010 0.000010
0.000010 0.999920 0.000010 0.000010 0.000010 0.000010 0.000010 0.000010 0.000010
0.000010 0.935154 0.001194 0.000010 0.047052 0.000010 0.008501 0.000010 0.008058
0.008010 0.991920 0.000010 0.000010 0.000010 0.000010 0.000010 0.000010 0.000010
0.000010 0.999920 0.000010 0.000010 0.000010 0.000010 0.000010 0.000010 0.000010
0.071567 0.830254 0.041870 0.003272 0.005363 0.037199 0.000015 0.010449 0.000010
0.017724 0.915306 0.004478 0.000010 0.050672 0.000010 0.000010 0.000010 0.011781
0.000010 0.999920 0.000010 0.000010 0.000010 0.000010 0.000010 0.000010 0.000010
0.000010 0.976081 0.000010 0.000010 0.000010 0.000010 0.023849 0.000010 0.000010
0.000010 0.995617 0.004313 0.000010 0.000010 0.000010 0.000010 0.000010 0.000010
0.000010 0.999920 0.000010 0.000010 0.000010 0.000010 0.000010 0.000010 0.000010
0.058554 0.858218 0.008018 0.000742 0.000010 0.031170 0.000010 0.043268 0.000010
0.057912 0.831208 0.000010 0.010210 0.022428 0.032470 0.004900 0.038869 0.001993
0.016551 0.982738 0.000010 0.000010 0.000010 0.000010 0.000651 0.000010 0.000010
0.957851 0.000010 0.028990 0.000010 0.013099 0.000010 0.000010 0.000010 0.000010
0.952025 0.000010 0.000010 0.000010 0.000010 0.012500 0.028243 0.000010 0.007182
0.973758 0.000010 0.000010 0.000010 0.008955 0.017227 0.000010 0.000010 0.000010
0.999920 0.000010 0.000010 0.000010 0.000010 0.000010 0.000010 0.000010 0.000010
0.988821 0.000010 0.004008 0.000010 0.000010 0.000010 0.007112 0.000010 0.000010
0.952456 0.000010 0.020089 0.000010 0.000010 0.000010 0.012160 0.015245 0.000010
0.930991 0.000010 0.013514 0.000010 0.022378 0.027504 0.005574 0.000010 0.000010
0.959460 0.005133 0.006370 0.000010 0.024230 0.000010 0.004768 0.000010 0.000010
0.890976 0.018502 0.000010 0.000010 0.000010 0.012077 0.019806 0.057441 0.001168
0.868898 0.055879 0.008021 0.000010 0.000010 0.000010 0.028830 0.038331 0.000010
0.885508 0.006210 0.000010 0.000010 0.008413 0.038101 0.015778 0.045960 0.000010
0.990420 0.009510 0.000010 0.000010 0.000010 0.000010 0.000010 0.000010 0.000010
0.963513 0.000010 0.000010 0.000010 0.000010 0.000010 0.027402 0.009025 0.000010
0.976651 0.000010 0.000010 0.000010 0.000010 0.000010 0.012718 0.000010 0.010571
0.993276 0.000010 0.000010 0.000010 0.000010 0.000010 0.000010 0.000010 0.006654
0.932779 0.036377 0.020151 0.000010 0.000010 0.000010 0.010643 0.000010 0.000010
0.990072 0.000010 0.009858 0.000010 0.000010 0.000010 0.000010 0.000010 0.000010
0.968985 0.000010 0.000010 0.000010 0.000010 0.000010 0.000010 0.022985 0.007970
0.997228 0.000010 0.000010 0.000010 0.002702 0.000010 0.000010 0.000010 0.000010
0.999387 0.000010 0.000543 0.000010 0.000010 0.000010 0.000010 0.000010 0.000010
0.073086 0.038680 0.015532 0.559897 0.019396 0.002953 0.216967 0.073479 0.000010
0.061864 0.027835 0.000010 0.613512 0.004297 0.016308 0.117840 0.148809 0.009526
0.072415 0.070370 0.000010 0.590211 0.039363 0.000010 0.113097 0.105271 0.009253
0.047693 0.016915 0.000010 0.538311 0.037706 0.033672 0.165000 0.134877 0.025817
0.036670 0.062743 0.031090 0.567156 0.034445 0.039122 0.089197 0.139568 0.000010
0.093772 0.000010 0.000010 0.601007 0.033546 0.022281 0.112577 0.118102 0.018695
0.000010 0.089328 0.000010 0.439660 0.010818 0.000010 0.219947 0.218261 0.021955
0.073120 0.040947 0.000010 0.515181 0.047758 0.005487 0.255051 0.062436 0.000010
0.034564 0.052772 0.003800 0.609521 0.063544 0.009733 0.113370 0.105876 0.006820
0.075174 0.000010 0.000140 0.602031 0.038401 0.021549 0.083553 0.167857 0.011285
0.046117 0.034048 0.000010 0.606822 0.042727 0.008353 0.158522 0.089746 0.013654
0.081818 0.017747 0.000013 0.561454 0.015125 0.091658 0.132126 0.100049 0.000010
0.069870 0.078038 0.021732 0.567444 0.017169 0.000010 0.131767 0.113960 0.000010
0.047100 0.108951 0.024827 0.543409 0.017371 0.000010 0.119411 0.119217 0.019705
0.021447 0.062077 0.003098 0.582607 0.000010 0.033166 0.268059 0.015818 0.013718
0.000010 0.000010 0.000010 0.000010 0.000010 0.000010 0.804737 0.195193 0.000010
0.055500 0.275298 0.000010 0.170051 0.024629 0.026274 0.076127 0.359178 0.012932
0.045022 0.197029 0.052805 0.133391 0.035507 0.059930 0.062188 0.412653 0.001476
0.059268 0.190820 0.012393 0.098928 0.040677 0.004649 0.096658 0.473170 0.023437
0.034193 0.000010 0.019343 0.000010 0.000641 0.000010 0.155631 0.781887 0.008275
0.017385 0.048229 0.024873 0.481247 0.029874 0.152713 0.177108 0.008743 0.059826
0.022239 0.018269 0.052319 0.466003 0.039009 0.167910 0.141978 0.069375 0.022898
0.000010 0.066528 0.103563 0.292162 0.033249 0.265647 0.065355 0.011641 0.161844
0.000010 0.056607 0.146495 0.186473 0.127848 0.325077 0.048541 0.005388 0.103562
0.000010 0.149604 0.107382 0.227842 0.034653 0.304365 0.055517 0.000010 0.120617
0.045198 0.198229 0.046651 0.157433 0.030228 0.048465 0.060869 0.412918 0.000010
0.000010 0.229779 0.026661 0.181493 0.015271 0.082863 0.093068 0.351026 0.019830
0.064334 0.133641 0.021084 0.114983 0.024401 0.035531 0.058225 0.530638 0.017164
0.010293 0.026498 0.026762 0.000010 0.011150 0.000010 0.153092 0.758154 0.014031
0.003238 0.006649 0.029828 0.480425 0.054736 0.159420 0.171247 0.055370 0.039087
0.000010 0.023554 0.069416 0.459733 0.049264 0.159774 0.186692 0.018326 0.033231
0.036329 0.155111 0.052887 0.448475 0.043498 0.197211 0.000010 0.035855 0.030624
0.000010 0.124482 0.060978 0.335871 0.061740 0.183475 0.180213 0.000010 0.053222
0.000010 0.000010 0.132528 0.083873 0.028243 0.285889 0.000010 0.000010 0.469427
0.000010 0.121261 0.079147 0.242892 0.066232 0.328538 0.074471 0.000010 0.087439
0.000010 0.277778 0.014351 0.189438 0.012378 0.059123 0.089333 0.344017 0.013571
0.038791 0.116799 0.008961 0.073417 0.019701 0.016076 0.130922 0.551358 0.043976
0.086993 0.094549 0.014723 0.144123 0.000010 0.051874 0.081370 0.526348 0.000010
0.000010 0.024488 0.005277 0.010580 0.000010 0.000010 0.196662 0.758142 0.004822
0.000010 0.006184 0.056359 0.457418 0.074209 0.166374 0.123393 0.059377 0.056677
0.000010 0.155716 0.088377 0.289792 0.060318 0.237189 0.066372 0.035548 0.066678
0.016600 0.173094 0.043349 0.274550 0.081919 0.229250 0.071189 0.006193 0.103855
0.000010 0.088255 0.107947 0.173148 0.071512 0.240894 0.048807 0.000010 0.269417
0.000010 0.167721 0.073961 0.247373 0.033061 0.359550 0.037803 0.000010 0.080509
0.054577 0.185142 0.008388 0.173672 0.043612 0.094453 0.010491 0.414269 0.015397
0.041416 0.165088 0.000010 0.086699 0.021195 0.024042 0.117307 0.517785 0.026458
0.018741 0.167011 0.009180 0.057518 0.014311 0.064351 0.105347 0.549927 0.013613
0.033484 0.000010 0.000010 0.013126 0.000010 0.000010 0.153759 0.758883 0.040708
0.000010 0.169355 0.106906 0.226102 0.056095 0.285171 0.063367 0.000010 0.092984
0.015614 0.134991 0.109589 0.294489 0.061488 0.251934 0.000010 0.042375 0.089510
0.004427 0.132697 0.065142 0.292633 0.100289 0.193100 0.123690 0.013698 0.074325
0.032952 0.166096 0.048587 0.289454 0.076214 0.260061 0.037129 0.000010 0.089497
0.000010 0.100319 0.124720 0.207552 0.058354 0.375328 0.025788 0.005722 0.102208
0.003558 0.293631 0.042741 0.194544 0.017829 0.034973 0.066135 0.336685 0.009904
0.060142 0.080940 0.044978 0.110275 0.017658 0.045504 0.076501 0.560211 0.003792
0.000010 0.015435 0.000245 0.000010 0.020025 0.000010 0.177809 0.760250 0.026207
0.004949 0.000010 0.003597 0.000010 0.053094 0.000010 0.166188 0.743011 0.029131
0.060399 0.018522 0.051085 0.531520 0.077233 0.065796 0.122335 0.038420 0.034692
0.000010 0.000010 0.147597 0.214876 0.054928 0.314123 0.118399 0.000010 0.150048
0.000010 0.252659 0.055006 0.309111 0.084154 0.216876 0.000010 0.000010 0.082164
0.000010 0.041795 0.120236 0.063142 0.014359 0.305799 0.000010 0.000010 0.454639
0.000010 0.117892 0.087045 0.234933 0.052867 0.333536 0.069678 0.002568 0.101471
0.022227 0.222024 0.011943 0.197845 0.028767 0.042365 0.072924 0.384543 0.017361
0.083597 0.119792 0.022225 0.065744 0.019485 0.053230 0.091314 0.540343 0.004270
0.018526 0.043071 0.039117 0.019433 0.002106 0.000010 0.161229 0.714587 0.001921
0.000010 0.004372 0.014813 0.026957 0.000010 0.047352 0.136366 0.767878 0.002241
0.000010 0.026208 0.015946 0.496199 0.069582 0.150511 0.174645 0.026123 0.040777
0.000010 0.200071 0.085383 0.316436 0.064350 0.198356 0.051469 0.000010 0.083915
0.000010 0.018297 0.126602 0.100351 0.000010 0.263800 0.000010 0.000010 0.490910
0.052952 0.007080 0.095652 0.248868 0.093660 0.269000 0.021458 0.000010 0.211320
0.018742 0.121557 0.127820 0.236021 0.003630 0.291436 0.072526 0.006415 0.121853
0.039642 0.210259 0.035215 0.171264 0.000010 0.080018 0.074035 0.345522 0.044035
0.056269 0.096442 0.001196 0.094884 0.040106 0.055890 0.120552 0.530437 0.004224
0.000010 0.000010 0.018229 0.000010 0.026287 0.002112 0.164654 0.788677 0.000010
0.000010 0.004648 0.049861 0.486429 0.005018 0.182323 0.176366 0.050727 0.044616
0.000010 0.044530 0.085107 0.273029 0.050317 0.288239 0.108084 0.000010 0.150674
0.000010 0.182320 0.074804 0.281174 0.058025 0.235341 0.054538 0.028107 0.085681
0.012302 0.043307 0.093023 0.300599 0.055808 0.289189 0.134499 0.000010 0.071263
0.060475 0.189089 0.020261 0.157946 0.041634 0.062164 0.063142 0.395931 0.009358
0.082106 0.107717 0.000010 0.165015 0.034372 0.034119 0.082052 0.461853 0.032755
0.007978 0.000010 0.026681 0.000764 0.000010 0.041218 0.097884 0.802092 0.023363
0.000010 0.026102 0.088170 0.284299 0.046644 0.267904 0.112811 0.000010 0.174050
0.000010 0.157957 0.101210 0.227265 0.039324 0.303546 0.051692 0.000010 0.118987
0.000010 0.008123 0.095679 0.130085 0.027529 0.306498 0.000010 0.000010 0.432056
0.000010 0.118580 0.098285 0.240091 0.070844 0.276736 0.066413 0.004452 0.124588
0.000010 0.103969 0.114285 0.248925 0.061598 0.336057 0.050584 0.000010 0.084561
0.045569 0.047983 0.020692 0.598067 0.002747 0.000010 0.177521 0.103987 0.003425
0.000010 0.079090 0.000010 0.550009 0.016723 0.011282 0.240974 0.088013 0.013889
0.047386 0.098194 0.010229 0.731915 0.000010 0.007561 0.015444 0.082933 0.006329
0.000010 0.042922 0.000010 0.634606 0.000010 0.000010 0.208573 0.108701 0.005158
0.017938 0.000349 0.002964 0.647123 0.021351 0.000010 0.093492 0.216637 0.000136
0.000010 0.143709 0.000010 0.716313 0.000010 0.000010 0.045399 0.084717 0.009822
0.000010 0.188592 0.053342 0.486233 0.070671 0.110679 0.010391 0.032971 0.047110
0.013675 0.000010 0.018893 0.560267 0.026365 0.034839 0.132837 0.201497 0.011618
0.000010 0.000010 0.038360 0.421163 0.000010 0.027018 0.476564 0.034758 0.002106
0.038507 0.037294 0.000010 0.593174 0.000010 0.007926 0.174641 0.137588 0.010849
0.043909 0.000010 0.029779 0.598350 0.008564 0.005952 0.236735 0.067447 0.009254
0.000010 0.197258 0.014342 0.727544 0.000010 0.000010 0.003023 0.050801 0.007001
0.020648 0.030162 0.000010 0.608209 0.024406 0.003929 0.183571 0.107523 0.021542
0.038690 0.000010 0.013231 0.576772 0.013015 0.022030 0.144481 0.171197 0.020574
0.000010 0.100812 0.010613 0.705356 0.017429 0.019796 0.091065 0.054909 0.000010
0.000010 0.102824 0.000019 0.719473 0.004762 0.000010 0.081437 0.091013 0.000453
0.052537 0.108456 0.047281 0.521302 0.079747 0.090469 0.000010 0.078331 0.021868
0.000010 0.000010 0.021681 0.582130 0.039600 0.002519 0.092592 0.261448 0.000010
0.021010 0.001584 0.018283 0.519959 0.037944 0.078519 0.188081 0.125860 0.008760
0.000010 0.000010 0.025046 0.392507 0.000010 0.000010 0.578781 0.000010 0.003616
0.000010 0.040991 0.026987 0.492547 0.005632 0.000010 0.432907 0.000010 0.000905
0.011145 0.098415 0.000010 0.565199 0.000010 0.000010 0.220075 0.083251 0.021885
0.019344 0.161340 0.003737 0.722612 0.018123 0.000010 0.006884 0.048991 0.018959
0.000010 0.134705 0.000010 0.755791 0.004761 0.019394 0.000010 0.071763 0.013556
0.000010 0.051476 0.000010 0.580786 0.005198 0.019352 0.240057 0.103102 0.000010
0.053210 0.000010 0.000737 0.580290 0.029005 0.000010 0.116993 0.212494 0.007250
0.070261 0.071509 0.017892 0.725600 0.000010 0.016021 0.044000 0.054698 0.000010
0.006968 0.181628 0.054901 0.484948 0.065583 0.118264 0.037512 0.040575 0.009622
0.000010 0.156193 0.072197 0.436983 0.101940 0.150468 0.017764 0.027380 0.037066
0.000010 0.000010 0.032401 0.372401 0.000010 0.004882 0.581326 0.000010 0.008950
0.005665 0.089675 0.000010 0.620859 0.000010 0.000010 0.223857 0.059905 0.000010
0.000010 0.157145 0.000328 0.710675 0.049556 0.000010 0.009080 0.055980 0.017216
0.023978 0.093180 0.008650 0.726691 0.005358 0.028780 0.000010 0.087857 0.025497
0.015104 0.060817 0.005820 0.612045 0.002866 0.000010 0.250606 0.052723 0.000010
0.019266 0.003226 0.021485 0.588448 0.024512 0.021272 0.097284 0.210839 0.013667
0.000010 0.123403 0.018663 0.697971 0.000010 0.008580 0.030636 0.102325 0.018401
0.000010 0.180105 0.035656 0.478727 0.083119 0.100901 0.023017 0.034490 0.063974
0.019458 0.146888 0.031550 0.493026 0.074824 0.136393 0.021479 0.043129 0.033252
0.033124 0.000010 0.006417 0.567317 0.000010 0.022170 0.112865 0.244033 0.014055
0.000010 0.057070 0.021561 0.520644 0.040387 0.000010 0.214286 0.128161 0.017871
0.000010 0.000010 0.030779 0.297653 0.000010 0.000010 0.670552 0.000010 0.000966
0.037035 0.046862 0.025619 0.575132 0.000010 0.020632 0.235024 0.059677 0.000010
0.020303 0.152634 0.002866 0.735804 0.007608 0.004591 0.065061 0.000010 0.011124
0.037096 0.062486 0.000986 0.554854 0.027438 0.002458 0.245935 0.063292 0.005456
0.058334 0.005212 0.000010 0.571400 0.041419 0.001387 0.229660 0.086746 0.005832
0.000010 0.000010 0.035756 0.586854 0.038700 0.028181 0.097921 0.212556 0.000010
0.058712 0.074313 0.006241 0.761023 0.018349 0.000010 0.029199 0.050311 0.001843
0.034666 0.098983 0.023887 0.503297 0.081155 0.130429 0.020572 0.080929 0.026082
0.035642 0.000010 0.009799 0.545267 0.029697 0.033662 0.129039 0.192893 0.023991
0.033227 0.000010 0.003896 0.556836 0.025864 0.032754 0.139008 0.198356 0.010050
0.058193 0.000010 0.047824 0.539862 0.011525 0.027427 0.143831 0.157731 0.013596
0.000010 0.024240 0.009311 0.379508 0.000010 0.033238 0.553663 0.000010 0.000010
0.000010 0.084668 0.036916 0.559590 0.000010 0.000010 0.225736 0.093051 0.000010
0.048645 0.135912 0.010203 0.676130 0.042320 0.019855 0.000010 0.066915 0.000010
0.096510 0.000010 0.000010 0.624060 0.000010 0.006423 0.215157 0.057811 0.000010
0.022685 0.067543 0.002985 0.583854 0.002557 0.008183 0.229230 0.082954 0.000010
0.039816 0.000010 0.001204 0.581702 0.025087 0.000010 0.171368 0.175292 0.005511
0.043618 0.060166 0.006359 0.727884 0.047587 0.000010 0.017482 0.088156 0.008739
0.004906 0.148814 0.049735 0.476430 0.095382 0.114871 0.017506 0.074455 0.017901
0.000010 0.000010 0.031691 0.559918 0.011930 0.011509 0.134650 0.245512 0.004770
0.010638 0.000214 0.000468 0.555278 0.003774 0.044965 0.132322 0.252332 0.000010
0.017788 0.000010 0.013117 0.562443 0.000010 0.026605 0.130063 0.249954 0.000010
0.000010 0.000516 0.039866 0.426600 0.000010 0.001764 0.520943 0.000010 0.010280
0.045128 0.030513 0.012334 0.636229 0.000010 0.000090 0.158697 0.116988 0.000010
0.016585 0.130691 0.015002 0.704950 0.040361 0.000446 0.000010 0.090711 0.001243
0.011425 0.066389 0.019076 0.562265 0.002955 0.000010 0.272737 0.065133 0.000010
0.028454 0.000010 0.013476 0.540277 0.043122 0.022755 0.160843 0.169609 0.021454
0.060919 0.088815 0.034874 0.690871 0.029733 0.028421 0.000290 0.051251 0.014826
0.003853 0.180684 0.083968 0.404124 0.094724 0.161200 0.000010 0.033328 0.038109
0.051543 0.000010 0.021618 0.613482 0.000019 0.000010 0.111673 0.186998 0.014647
0.054273 0.095298 0.026035 0.549447 0.000010 0.081394 0.058970 0.131928 0.002646
0.000010 0.019573 0.036059 0.511558 0.017651 0.067429 0.180074 0.148815 0.018831
0.000010 0.016697 0.020212 0.401234 0.000010 0.000010 0.480540 0.061722 0.019565
0.058450 0.052897 0.000010 0.603058 0.000010 0.000010 0.150612 0.134943 0.000010
0.002636 0.098818 0.014086 0.735533 0.026913 0.015564 0.018661 0.080160 0.007629
0.041528 0.039034 0.000018 0.655433 0.000010 0.013545 0.168275 0.073126 0.009031
0.020783 0.038208 0.000020 0.592276 0.017442 0.000010 0.170704 0.155899 0.004660
0.062190 0.000010 0.020784 0.631470 0.001994 0.005548 0.060281 0.217713 0.000010
0.000010 0.146020 0.014606 0.669653 0.016973 0.026832 0.040452 0.063291 0.022164
0.020093 0.139533 0.067301 0.476186 0.078449 0.128407 0.000010 0.054266 0.035756
0.020738 0.000010 0.021580 0.603442 0.014502 0.011148 0.127883 0.196883 0.003813
0.003047 0.030405 0.003902 0.516436 0.000010 0.084165 0.229478 0.132547 0.000010
0.020539 0.028192 0.021785 0.446152 0.056274 0.068362 0.200662 0.154954 0.003079
0.033690 0.000011 0.015959 0.385423 0.000010 0.021380 0.543506 0.000010 0.000010
0.000010 0.030869 0.047622 0.025797 0.000010 0.015088 0.153944 0.716129 0.010532
0.017082 0.040270 0.000010 0.088610 0.000010 0.000744 0.187423 0.640422 0.025429
0.043800 0.096617 0.015959 0.077767 0.032408 0.055314 0.111607 0.566520 0.000010
0.000010 0.027022 0.000010 0.000010 0.020348 0.000010 0.215304 0.721624 0.015663
0.000010 0.021399 0.001203 0.080924 0.000010 0.033209 0.335034 0.528202 0.000010
0.000010 0.000010 0.000010 0.000010 0.000010 0.000010 0.976600 0.023330 0.000010
0.000010 0.080284 0.012785 0.034837 0.010645 0.000010 0.157700 0.681827 0.021902
0.073590 0.064188 0.007176 0.062391 0.000010 0.039020 0.148331 0.584642 0.020652
0.000010 0.030588 0.000010 0.000010 0.001283 0.033214 0.217859 0.717017 0.000010
0.000010 0.047020 0.000010 0.000010 0.000010 0.000010 0.337462 0.615459 0.000010
0.032388 0.007978 0.022909 0.070301 0.000010 0.006693 0.298306 0.551986 0.009429
0.000010 0.000010 0.000010 0.000010 0.000010 0.000010 0.999920 0.000010 0.000010
0.031211 0.041666 0.034902 0.072638 0.013604 0.000010 0.199903 0.606055 0.000010
0.000010 0.071139 0.030531 0.087398 0.000010 0.020872 0.172608 0.603844 0.013588
0.036861 0.007998 0.012983 0.006064 0.000044 0.000010 0.212300 0.712896 0.010844
0.000010 0.000010 0.005193 0.000010 0.000010 0.000010 0.189849 0.778039 0.026869
0.000010 0.000010 0.000010 0.087598 0.009067 0.020717 0.361867 0.512468 0.008254
0.000010 0.000010 0.000010 0.000010 0.000010 0.000010 0.999920 0.000010 0.000010
0.024869 0.021717 0.021172 0.026091 0.009323 0.044358 0.204302 0.643456 0.004711
0.000010 0.077988 0.006695 0.059099 0.000010 0.016597 0.169411 0.635728 0.034462
0.051362 0.004241 0.000010 0.000010 0.008356 0.025296 0.204760 0.705955 0.000010
0.000010 0.000010 0.017956 0.018069 0.020326 0.054204 0.312689 0.567954 0.008783
0.000010 0.002217 0.000010 0.064567 0.053095 0.003060 0.320998 0.555584 0.000460
0.000010 0.000010 0.000010 0.000010 0.000010 0.000010 0.999920 0.000010 0.000010
0.038030 0.000010 0.036024 0.004512 0.016144 0.063123 0.209952 0.632196 0.000010
0.000010 0.058075 0.005736 0.029055 0.045473 0.059396 0.162648 0.635399 0.004208
0.037308 0.005971 0.018053 0.000010 0.021096 0.000010 0.179995 0.727382 0.010176
0.011780 0.003464 0.013481 0.052295 0.000010 0.033891 0.319650 0.552627 0.012802
0.058501 0.000010 0.008560 0.073210 0.017267 0.008369 0.296681 0.527645 0.009757
0.000010 0.000010 0.000010 0.000010 0.000010 0.000010 0.999920 0.000010 0.000010
0.028603 0.057336 0.033610 0.028179 0.025985 0.044218 0.192041 0.584675 0.005353
0.000010 0.079149 0.001524 0.030514 0.032735 0.018115 0.216104 0.601332 0.020517
0.000010 0.029293 0.009149 0.000010 0.028709 0.036724 0.177464 0.718631 0.000010
0.000010 0.000010 0.040746 0.027236 0.007568 0.000010 0.354349 0.555700 0.014371
0.000010 0.000010 0.000010 0.000010 0.000010 0.000010 0.919915 0.080015 0.000010
0.000010 0.000010 0.000010 0.000010 0.007782 0.000010 0.976155 0.016003 0.000010
0.000010 0.066299 0.023540 0.000010 0.039398 0.019018 0.174414 0.677300 0.000010
0.032854 0.096005 0.025389 0.033242 0.030064 0.000010 0.122020 0.646311 0.014106
0.047981 0.088733 0.006340 0.070701 0.051059 0.001788 0.161063 0.555908 0.016428
0.067341 0.012218 0.011397 0.000010 0.025138 0.007882 0.201935 0.657976 0.016103
0.053097 0.000010 0.009145 0.036134 0.000010 0.030692 0.341596 0.529306 0.000010
0.000010 0.000010 0.000010 0.000010 0.000010 0.000010 0.999920 0.000010 0.000010
0.000010 0.001030 0.000010 0.000010 0.000010 0.000010 0.830676 0.162706 0.005538
0.000010 0.099317 0.026495 0.008253 0.033341 0.000010 0.151582 0.669393 0.011599
0.032138 0.000010 0.011775 0.039177 0.000010 0.068743 0.205853 0.628002 0.014291
0.000010 0.091701 0.023523 0.028407 0.049498 0.004692 0.152526 0.626615 0.023029
0.041790 0.000010 0.000010 0.000010 0.006332 0.029206 0.242856 0.667014 0.012773
0.000010 0.017348 0.000010 0.047283 0.009569 0.035375 0.328924 0.561472 0.000010
0.000010 0.000010 0.000010 0.000010 0.000010 0.000010 0.999920 0.000010 0.000010
0.021753 0.000010 0.120335 0.058757 0.020235 0.314543 0.004900 0.000010 0.459458
0.112984 0.130241 0.009866 0.056096 0.041761 0.000010 0.087502 0.541566 0.019973
0.086031 0.106024 0.007223 0.053475 0.008288 0.061441 0.064950 0.604006 0.008562
0.000010 0.192630 0.007674 0.039790 0.036621 0.032674 0.131351 0.556874 0.002377
0.210337 0.000010 0.000083 0.100251 0.025897 0.000010 0.000010 0.648504 0.014898
0.031243 0.343412 0.023050 0.199443 0.054550 0.021464 0.000010 0.299702 0.027126
0.061794 0.151222 0.021487 0.098373 0.021732 0.037448 0.076213 0.531720 0.000010
0.089642 0.135424 0.059880 0.080341 0.003054 0.000010 0.075515 0.556125 0.000010
0.232028 0.031412 0.019519 0.012501 0.035372 0.007370 0.010405 0.649438 0.001955
0.245944 0.022356 0.009738 0.082326 0.000010 0.000010 0.031753 0.596211 0.011652
0.000010 0.274946 0.020483 0.504008 0.063547 0.102257 0.000010 0.015207 0.019533
0.044938 0.133369 0.039874 0.075798 0.040759 0.038346 0.138410 0.478204 0.010303
0.104913 0.088830 0.012716 0.073732 0.023275 0.009217 0.068765 0.596343 0.022210
0.246189 0.036913 0.000010 0.074966 0.020683 0.000010 0.007146 0.589288 0.024793
0.204934 0.034977 0.021280 0.082314 0.018112 0.010744 0.014126 0.605138 0.008375
0.039936 0.257155 0.043038 0.225117 0.092790 0.108314 0.030172 0.191186 0.012293
0.095750 0.132771 0.030313 0.023786 0.047048 0.031681 0.089965 0.540188 0.008499
0.068014 0.141687 0.006900 0.070299 0.002120 0.044374 0.091739 0.557889 0.016979
0.118301 0.102477 0.025295 0.076731 0.034388 0.000010 0.030059 0.612729 0.000010
0.236906 0.020136 0.014925 0.048512 0.028523 0.002100 0.051470 0.595226 0.002201
0.020306 0.274948 0.043517 0.301345 0.084165 0.092976 0.000010 0.129740 0.052992
0.000010 0.055491 0.000014 0.601517 0.025810 0.000010 0.179567 0.130926 0.006654
0.157053 0.113986 0.018872 0.082025 0.041556 0.022316 0.073490 0.480932 0.009770
0.091203 0.118226 0.015370 0.073207 0.026033 0.063551 0.070711 0.541690 0.000010
0.227445 0.012098 0.000010 0.086650 0.014427 0.016665 0.063113 0.564487 0.015105
0.197699 0.044987 0.001135 0.110873 0.000010 0.000010 0.001656 0.632454 0.011177
0.029029 0.262885 0.000010 0.216223 0.020207 0.101723 0.000010 0.337263 0.032649
0.016417 0.197701 0.020781 0.069898 0.006868 0.033396 0.107164 0.528698 0.019078
0.033121 0.156434 0.000010 0.095381 0.018620 0.084351 0.125935 0.485906 0.000244
0.030927 0.174216 0.008685 0.051563 0.076637 0.018953 0.081422 0.541719 0.015879
0.215900 0.022384 0.003414 0.074702 0.006588 0.025463 0.000010 0.639549 0.011991
0.057907 0.088094 0.000010 0.050042 0.029155 0.079782 0.121156 0.557331 0.016523
0.056845 0.181018 0.029022 0.056324 0.009404 0.054934 0.101185 0.498500 0.012767
0.150903 0.036002 0.000010 0.049755 0.040428 0.041707 0.103056 0.550788 0.027350
0.181174 0.011431 0.000972 0.050144 0.020478 0.057629 0.049811 0.628350 0.000010
0.105239 0.102061 0.035067 0.078990 0.042975 0.048237 0.060529 0.525747 0.001154
0.069459 0.123401 0.015481 0.056992 0.014513 0.051740 0.065740 0.596193 0.006481
0.059407 0.080291 0.025146 0.066069 0.029381 0.031548 0.068108 0.640040 0.000010
0.193198 0.006864 0.000010 0.024570 0.032844 0.036644 0.041204 0.647747 0.016918
0.054731 0.230432 0.056474 0.212327 0.035724 0.128293 0.000010 0.261748 0.020260
0.235194 0.057977 0.000010 0.089320 0.011420 0.023691 0.016656 0.564155 0.001576
0.253039 0.000010 0.038605 0.108639 0.022701 0.009972 0.015794 0.551229 0.000010
0.296891 0.015968 0.000010 0.076870 0.000233 0.000010 0.054010 0.528595 0.027413
0.237325 0.019511 0.026736 0.093050 0.025711 0.006896 0.027715 0.563045 0.000010
0.175377 0.118950 0.035280 0.082633 0.023719 0.006898 0.000010 0.552767 0.004367
0.203345 0.104513 0.040020 0.057337 0.000011 0.000010 0.030692 0.551567 0.012506
