0.025868 0.051434 0.025478 0.049424 0.154476 0.040018 0.106777 0.531767 0.011240 0.003518
0.057180 0.064519 0.006375 0.004622 0.110653 0.036179 0.257895 0.393007 0.027006 0.042566
0.028530 0.064004 0.041707 0.031374 0.154722 0.052922 0.194333 0.394254 0.001143 0.037010
0.006857 0.086882 0.035902 0.000010 0.157458 0.042478 0.121201 0.471683 0.024632 0.052897
0.039600 0.127839 0.008081 0.042156 0.187086 0.000088 0.159143 0.413521 0.008304 0.014183
0.018213 0.073264 0.021436 0.035961 0.146992 0.023767 0.179908 0.410163 0.000010 0.090286
0.024917 0.095456 0.024650 0.050322 0.136477 0.024588 0.179254 0.445498 0.018829 0.000010
0.028660 0.067387 0.006171 0.059460 0.150552 0.045843 0.178075 0.463833 0.000010 0.000010
0.008371 0.016570 0.049827 0.000010 0.135824 0.010793 0.083980 0.657042 0.010023 0.027562
0.019633 0.093325 0.012358 0.056587 0.153950 0.017965 0.193954 0.424986 0.000010 0.027231
0.020129 0.071131 0.038249 0.000010 0.122366 0.059549 0.216526 0.463651 0.008378 0.000010
0.016739 0.060860 0.059418 0.032387 0.225918 0.030304 0.173794 0.379927 0.020644 0.000010
0.022564 0.052787 0.032696 0.050500 0.111525 0.046437 0.188095 0.494161 0.001224 0.000010
0.017348 0.065173 0.000010 0.012991 0.094150 0.039415 0.180189 0.537139 0.013736 0.039850
0.007336 0.043444 0.032520 0.055025 0.075455 0.064982 0.172717 0.543520 0.004991 0.000010
0.014663 0.048242 0.031787 0.047229 0.088715 0.049525 0.133890 0.576938 0.008902 0.000108
0.014515 0.068091 0.044174 0.049369 0.163440 0.053531 0.123172 0.439624 0.019631 0.024452
0.031059 0.000010 0.008760 0.038365 0.368128 0.009744 0.172061 0.360218 0.011644 0.000010
0.005234 0.046142 0.012908 0.000010 0.170351 0.036279 0.060679 0.616547 0.004921 0.046929
0.018872 0.137265 0.019153 0.037225 0.084314 0.010084 0.163752 0.498177 0.022534 0.008624
0.015548 0.024804 0.000010 0.013363 0.138805 0.058281 0.086690 0.610715 0.028163 0.023620
0.008337 0.103121 0.036827 0.077500 0.151010 0.023843 0.241154 0.322592 0.007194 0.028421
0.019034 0.067852 0.050241 0.055737 0.184794 0.034927 0.173026 0.408762 0.000010 0.005617
0.031413 0.105118 0.000010 0.075873 0.156664 0.030744 0.175749 0.405389 0.007008 0.012032
0.035813 0.023679 0.016521 0.046889 0.173189 0.060907 0.193655 0.437546 0.011792 0.000010
0.066370 0.000010 0.783704 0.082850 0.000010 0.000010 0.027089 0.022315 0.017632 0.000010
0.000010 0.000010 0.999910 0.000010 0.000010 0.000010 0.000010 0.000010 0.000010 0.000010
0.034186 0.000010 0.604314 0.141769 0.004689 0.013622 0.108885 0.021458 0.014440 0.056628
0.035071 0.000010 0.786204 0.056026 0.000010 0.000010 0.054748 0.000010 0.023064 0.044848
0.029205 0.013225 0.443119 0.174297 0.017811 0.018596 0.146222 0.000010 0.031914 0.125602
0.068187 0.000010 0.728437 0.109999 0.016818 0.002205 0.020536 0.017799 0.018860 0.017148
0.015651 0.049370 0.176960 0.290487 0.023119 0.000010 0.147264 0.000010 0.073791 0.223338
0.047505 0.000010 0.613006 0.184624 0.000010 0.000010 0.049988 0.029540 0.015457 0.059851
0.000010 0.000010 0.963612 0.036308 0.000010 0.000010 0.000010 0.000010 0.000010 0.000010
0.027921 0.000010 0.193830 0.238853 0.007347 0.011692 0.163585 0.042369 0.092708 0.221685
0.000010 0.000010 0.999910 0.000010 0.000010 0.000010 0.000010 0.000010 0.000010 0.000010
0.000010 0.000010 0.999910 0.000010 0.000010 0.000010 0.000010 0.000010 0.000010 0.000010
0.010341 0.000010 0.427546 0.161227 0.038235 0.000010 0.102871 0.043215 0.059150 0.157396
0.034082 0.000010 0.599568 0.113462 0.000010 0.011156 0.080341 0.022914 0.024823 0.113634
0.000010 0.000010 0.734165 0.116515 0.000173 0.003344 0.019679 0.033153 0.014455 0.078498
0.000010 0.000010 0.765062 0.073379 0.000010 0.051361 0.059883 0.000010 0.049721 0.000553
0.000010 0.000010 0.976382 0.023538 0.000010 0.000010 0.000010 0.000010 0.000010 0.000010
0.000010 0.000010 0.999910 0.000010 0.000010 0.000010 0.000010 0.000010 0.000010 0.000010
0.008101 0.000010 0.873476 0.023203 0.000010 0.031008 0.028196 0.000010 0.035977 0.000010
0.053957 0.000010 0.482225 0.210810 0.005276 0.008749 0.125243 0.001176 0.044855 0.067699
0.033414 0.000010 0.111975 0.242899 0.014900 0.000010 0.242242 0.000010 0.102022 0.252519
0.030258 0.000010 0.367476 0.207401 0.000010 0.014954 0.115673 0.052593 0.069035 0.142589
0.019382 0.000010 0.395982 0.251836 0.000010 0.004365 0.096125 0.086218 0.036231 0.109841
0.000010 0.000010 0.999910 0.000010 0.000010 0.000010 0.000010 0.000010 0.000010 0.000010
0.017761 0.000010 0.290081 0.258050 0.039279 0.027466 0.095526 0.027801 0.062243 0.181783
0.012160 0.033780 0.391019 0.186072 0.016823 0.000010 0.140168 0.005459 0.086142 0.128366
0.041120 0.000010 0.203876 0.210328 0.009967 0.009474 0.198402 0.052174 0.053752 0.220897
0.000010 0.000010 0.999910 0.000010 0.000010 0.000010 0.000010 0.000010 0.000010 0.000010
0.019894 0.000010 0.887715 0.048185 0.000010 0.000010 0.000010 0.044146 0.000010 0.000010
0.058253 0.000010 0.651758 0.170560 0.002466 0.000010 0.030315 0.048784 0.037834 0.000010
0.039765 0.023368 0.739660 0.074379 0.010150 0.028244 0.017904 0.000010 0.014822 0.051697
0.023283 0.000010 0.193451 0.257891 0.045606 0.011038 0.149529 0.022144 0.091493 0.205556
0.010359 0.000010 0.513348 0.198924 0.000010 0.005820 0.099298 0.041283 0.048340 0.082608
0.021135 0.006165 0.700829 0.084936 0.025143 0.026164 0.030176 0.011119 0.018716 0.075616
0.020433 0.005648 0.183318 0.234313 0.047359 0.000010 0.192486 0.000010 0.080791 0.235632
0.028694 0.029434 0.615856 0.165987 0.018248 0.000010 0.046553 0.000010 0.029824 0.065384
0.001206 0.000010 0.191064 0.217302 0.005915 0.002238 0.186986 0.076204 0.082480 0.236595
0.000010 0.000010 0.999910 0.000010 0.000010 0.000010 0.000010 0.000010 0.000010 0.000010
0.019045 0.024783 0.486953 0.158946 0.000010 0.013766 0.141911 0.002588 0.044116 0.107882
0.007142 0.000010 0.000010 0.194185 0.000010 0.000010 0.000010 0.000010 0.798603 0.000010
0.016490 0.000010 0.054867 0.322034 0.068074 0.000617 0.026519 0.000010 0.483307 0.028071
0.008997 0.000010 0.036324 0.455619 0.045469 0.079706 0.077079 0.000010 0.212448 0.084339
0.000010 0.000010 0.000010 0.000010 0.000010 0.000010 0.000010 0.000010 0.999910 0.000010
0.007921 0.000010 0.086995 0.520167 0.023557 0.089989 0.083728 0.000010 0.163173 0.024450
0.000010 0.000010 0.000010 0.000010 0.000010 0.000012 0.000010 0.000010 0.999908 0.000010
0.001218 0.000010 0.084746 0.391343 0.000010 0.046214 0.056993 0.078865 0.144195 0.196406
0.015723 0.000010 0.019093 0.538453 0.056842 0.058907 0.035205 0.000010 0.193041 0.082715
0.004526 0.000010 0.030382 0.556392 0.045014 0.081100 0.033153 0.000010 0.192013 0.057401
0.000010 0.000010 0.000010 0.000010 0.000010 0.000010 0.000010 0.000010 0.999910 0.000010
0.000010 0.000010 0.000010 0.000010 0.000010 0.000010 0.000010 0.000010 0.999910 0.000010
0.016707 0.000010 0.096487 0.445317 0.000010 0.050555 0.171582 0.000010 0.145008 0.074315
0.005451 0.000010 0.046714 0.528880 0.000010 0.099243 0.086654 0.000010 0.185702 0.047326
0.011476 0.049437 0.047014 0.551582 0.000010 0.034411 0.058306 0.000010 0.221041 0.026712
0.000010 0.000010 0.000010 0.115377 0.000010 0.000010 0.000010 0.000010 0.884543 0.000010
0.019698 0.000010 0.024478 0.179737 0.000010 0.000010 0.020893 0.000010 0.755144 0.000010
0.021955 0.000010 0.014853 0.384677 0.040239 0.087453 0.082480 0.000010 0.280518 0.087805
0.024824 0.000010 0.022078 0.565536 0.062592 0.065439 0.012159 0.018562 0.196690 0.032108
0.012138 0.000010 0.018079 0.550407 0.000010 0.085252 0.022367 0.064994 0.214585 0.032158
0.022534 0.000010 0.062025 0.462034 0.009209 0.093433 0.112716 0.010716 0.187243 0.040081
0.000010 0.000010 0.000010 0.000010 0.000010 0.000010 0.000010 0.000010 0.999910 0.000010
0.000010 0.000010 0.000010 0.000010 0.000010 0.000010 0.000010 0.000010 0.999910 0.000010
0.004979 0.000010 0.062673 0.486590 0.000010 0.068766 0.090614 0.019661 0.184292 0.082404
0.000010 0.000010 0.081567 0.463753 0.000010 0.119978 0.118496 0.000010 0.184821 0.031343
0.019978 0.000010 0.052150 0.467176 0.000010 0.080161 0.126048 0.000010 0.142535 0.111922
0.000010 0.000010 0.000254 0.238742 0.000010 0.000010 0.028187 0.034876 0.697891 0.000010
0.030583 0.000010 0.099653 0.460955 0.000010 0.088896 0.089163 0.000010 0.148356 0.082364
0.000010 0.023197 0.051257 0.500671 0.021591 0.049302 0.092972 0.000010 0.205434 0.055556
0.000010 0.020568 0.000010 0.313002 0.000010 0.023572 0.115960 0.000010 0.432525 0.094333
0.021766 0.000010 0.074457 0.505383 0.000010 0.110455 0.080036 0.000010 0.173074 0.034800
0.045170 0.000010 0.000010 0.113555 0.000010 0.000010 0.006189 0.000010 0.835026 0.000010
0.024534 0.000010 0.060662 0.497165 0.000010 0.063503 0.061163 0.000010 0.222901 0.070043
0.000010 0.000010 0.000010 0.037568 0.000010 0.000010 0.000010 0.000010 0.962352 0.000010
0.032654 0.000010 0.109536 0.441309 0.000010 0.020260 0.094771 0.052907 0.160354 0.088189
0.022616 0.000010 0.074352 0.447493 0.000010 0.096205 0.107894 0.000010 0.139633 0.111778
0.013996 0.000010 0.074425 0.541368 0.023389 0.071915 0.068754 0.000010 0.179251 0.026882
0.000010 0.000010 0.042373 0.455028 0.017433 0.073949 0.119185 0.000010 0.215882 0.076121
0.000010 0.000010 0.033354 0.000010 0.026179 0.001988 0.000010 0.000010 0.938419 0.000010
0.000010 0.000010 0.000010 0.000010 0.000010 0.000010 0.000010 0.000010 0.999910 0.000010
0.000010 0.000010 0.002868 0.000010 0.000010 0.003136 0.018254 0.016189 0.923077 0.036437
0.000010 0.000010 0.000010 0.213777 0.017347 0.008084 0.023561 0.004194 0.732997 0.000010
0.003461 0.000010 0.004159 0.078258 0.000010 0.000010 0.000010 0.000010 0.900909 0.013163
0.003991 0.025611 0.038111 0.296462 0.034807 0.059143 0.091097 0.004861 0.199789 0.246127
0.019596 0.000010 0.017924 0.034987 0.107460 0.000010 0.809707 0.010286 0.000010 0.000010
0.000010 0.000010 0.030976 0.023768 0.046178 0.000010 0.751301 0.147728 0.000010 0.000010
0.000010 0.000010 0.000010 0.000010 0.000010 0.014161 0.972786 0.000010 0.012983 0.000010
0.000010 0.000010 0.008210 0.000010 0.016377 0.018746 0.940315 0.000010 0.016304 0.000010
0.010591 0.000010 0.000010 0.026813 0.006141 0.000010 0.938795 0.017610 0.000010 0.000010
0.000010 0.000010 0.000010 0.000010 0.000010 0.000010 0.999910 0.000010 0.000010 0.000010
0.021418 0.000010 0.005451 0.000010 0.000010 0.004932 0.968139 0.000010 0.000010 0.000010
0.018162 0.017422 0.002815 0.022140 0.006393 0.000010 0.880018 0.031017 0.017170 0.004853
0.000010 0.000010 0.000010 0.000010 0.000010 0.000010 0.999910 0.000010 0.000010 0.000010
0.000010 0.000010 0.000010 0.874898 0.000334 0.009463 0.000010 0.115245 0.000010 0.000010
0.025429 0.000010 0.026840 0.587422 0.054695 0.031841 0.035775 0.053160 0.089667 0.095161
0.000010 0.000010 0.000010 0.919205 0.000010 0.000010 0.000010 0.080715 0.000010 0.000010
0.019362 0.000010 0.030367 0.703207 0.000010 0.000010 0.000010 0.141972 0.055375 0.049678
0.000010 0.000010 0.050150 0.435652 0.013240 0.100434 0.085080 0.000010 0.203937 0.111478
0.021570 0.000010 0.000010 0.692515 0.046302 0.034229 0.000010 0.059735 0.073903 0.071716
0.011758 0.000010 0.044953 0.382529 0.030029 0.031189 0.139940 0.025154 0.183517 0.150921
0.014118 0.014569 0.062586 0.724453 0.048993 0.000016 0.000010 0.048170 0.080313 0.006771
0.017713 0.000010 0.043134 0.405287 0.059908 0.071896 0.100623 0.000010 0.158580 0.142838
0.030466 0.000010 0.037923 0.593964 0.025495 0.000010 0.055960 0.080815 0.079176 0.096181
0.023391 0.000010 0.041726 0.575065 0.035897 0.019696 0.055604 0.082865 0.064517 0.101228
0.000010 0.026532 0.045057 0.730213 0.025580 0.005457 0.049234 0.046124 0.023846 0.047947
0.008031 0.041352 0.000010 0.848115 0.049956 0.018496 0.000010 0.017259 0.016762 0.000010
0.028165 0.000010 0.068661 0.611183 0.033612 0.066238 0.034417 0.036948 0.079493 0.041273
0.031217 0.000010 0.009840 0.679336 0.000010 0.000010 0.046642 0.107291 0.049429 0.076215
0.000010 0.000010 0.001965 0.782619 0.000010 0.032357 0.000010 0.146125 0.013042 0.023852
0.000010 0.000010 0.000010 0.885546 0.000010 0.000010 0.000010 0.114374 0.000010 0.000010
0.027577 0.000010 0.058234 0.468158 0.021101 0.031057 0.172105 0.000010 0.097073 0.124674
0.034916 0.006232 0.032471 0.480504 0.005549 0.027929 0.105979 0.063846 0.104196 0.138379
0.031695 0.000010 0.067973 0.498390 0.000010 0.044103 0.113232 0.030043 0.123758 0.090786
0.007229 0.000010 0.000010 0.000010 0.000010 0.000010 0.000010 0.000010 0.992691 0.000010
0.048201 0.017890 0.043171 0.448470 0.000010 0.060773 0.101784 0.026593 0.110978 0.142130
0.000010 0.000010 0.000010 0.905057 0.000010 0.000010 0.000010 0.094863 0.000010 0.000010
0.011204 0.000010 0.000010 0.833216 0.000010 0.000010 0.000010 0.155510 0.000010 0.000010
0.012697 0.000010 0.025560 0.694087 0.000010 0.017368 0.030490 0.102848 0.081469 0.035461
0.008038 0.001156 0.034059 0.654577 0.019046 0.021619 0.039396 0.082422 0.078191 0.061496
0.000010 0.000010 0.037447 0.757110 0.000010 0.060730 0.045584 0.074854 0.024234 0.000010
0.015300 0.000010 0.019293 0.708683 0.000010 0.000010 0.008844 0.159228 0.035064 0.053559
0.006226 0.000011 0.037303 0.762687 0.055295 0.015785 0.023121 0.028539 0.071022 0.000010
0.000010 0.000010 0.000010 0.902811 0.000010 0.000010 0.000010 0.097109 0.000010 0.000010
0.025277 0.000010 0.000010 0.882360 0.000010 0.000010 0.000010 0.092293 0.000010 0.000010
0.008506 0.015698 0.047097 0.579485 0.008104 0.060827 0.068111 0.055821 0.084044 0.072307
0.005496 0.000010 0.021820 0.782991 0.067615 0.000010 0.005473 0.070133 0.026906 0.019547
0.014143 0.000010 0.063846 0.443769 0.014615 0.045310 0.137470 0.025700 0.100882 0.154256
0.009682 0.000010 0.000010 0.885906 0.002675 0.000010 0.000010 0.098624 0.003063 0.000010
0.015912 0.041342 0.060783 0.567728 0.000010 0.033600 0.070704 0.007400 0.099101 0.103419
0.022693 0.000010 0.020954 0.744771 0.000010 0.000010 0.012944 0.137800 0.046756 0.014053
0.002335 0.000010 0.069832 0.401561 0.051304 0.073466 0.139261 0.000010 0.124450 0.137771
0.033970 0.000010 0.073821 0.446309 0.033005 0.035406 0.080995 0.042192 0.110194 0.144097
0.016421 0.000010 0.000010 0.000010 0.061571 0.056868 0.104668 0.722608 0.017535 0.020300
0.000010 0.007831 0.014002 0.060682 0.025476 0.064808 0.048515 0.778657 0.000010 0.000010
0.005096 0.000010 0.028249 0.021099 0.063487 0.077401 0.048306 0.756332 0.000010 0.000010
0.014459 0.000010 0.023164 0.033236 0.113520 0.034707 0.052328 0.696018 0.000010 0.032549
0.020463 0.042313 0.025038 0.001852 0.119654 0.045338 0.032190 0.702764 0.010378 0.000010
0.000010 0.002756 0.051349 0.000010 0.086244 0.053268 0.073213 0.724212 0.008928 0.000010
0.007461 0.000010 0.025124 0.000010 0.099867 0.032010 0.005986 0.804986 0.024536 0.000010
0.000010 0.000010 0.009025 0.000010 0.042410 0.053801 0.053879 0.795251 0.021703 0.023901
0.012368 0.000010 0.005188 0.038492 0.000010 0.000010 0.040288 0.903613 0.000010 0.000010
0.028277 0.000010 0.021301 0.006873 0.000010 0.005583 0.075572 0.849966 0.012398 0.000010
0.000010 0.000010 0.026690 0.000010 0.095809 0.048453 0.000010 0.807456 0.021541 0.000010
0.000010 0.010374 0.028740 0.006288 0.091382 0.037570 0.034878 0.790738 0.000010 0.000010
0.000010 0.000010 0.008410 0.024997 0.039507 0.022959 0.057719 0.827297 0.019081 0.000010
0.000010 0.479497 0.019401 0.000010 0.022784 0.350383 0.014482 0.113415 0.000010 0.000010
0.004884 0.461470 0.007893 0.043610 0.003852 0.285472 0.002917 0.184350 0.000010 0.005541
0.005466 0.490693 0.000010 0.019601 0.000010 0.332890 0.000011 0.139338 0.011971 0.000010
0.000010 0.341312 0.000010 0.000010 0.000010 0.385552 0.018049 0.255027 0.000010 0.000010
0.020045 0.480276 0.000010 0.041649 0.028690 0.277804 0.018350 0.133156 0.000010 0.000010
0.000010 0.461848 0.000010 0.029715 0.000010 0.281183 0.028537 0.183098 0.015579 0.000010
0.001437 0.403393 0.019648 0.000010 0.000010 0.302743 0.066453 0.194186 0.012109 0.000010
0.028241 0.514306 0.033615 0.010718 0.006981 0.250995 0.000010 0.143109 0.012015 0.000010
0.000010 0.430293 0.000010 0.011090 0.103181 0.286458 0.000010 0.168929 0.000010 0.000010
0.018267 0.476490 0.022700 0.000010 0.025916 0.328551 0.000010 0.120301 0.007744 0.000010
0.000901 0.505482 0.020658 0.000010 0.025860 0.346762 0.000010 0.100297 0.000010 0.000010
0.000010 0.409954 0.029675 0.000010 0.000010 0.367238 0.000010 0.172320 0.007372 0.013401
0.000010 0.375900 0.001506 0.008648 0.000010 0.329044 0.000010 0.244706 0.003405 0.036761
0.010561 0.446790 0.000010 0.015611 0.039644 0.369251 0.000010 0.118103 0.000010 0.000010
0.005366 0.476594 0.023087 0.016021 0.000010 0.319226 0.000010 0.143094 0.015167 0.001424
0.000010 0.474151 0.002807 0.019571 0.022040 0.292367 0.002971 0.155227 0.016528 0.014326
0.003016 0.455652 0.000010 0.000010 0.000010 0.359656 0.000010 0.142463 0.000010 0.039163
0.000010 0.458409 0.013303 0.039236 0.019040 0.247654 0.000010 0.191184 0.004417 0.026737
0.011332 0.505346 0.010037 0.014922 0.037560 0.206289 0.000010 0.188850 0.010856 0.014797
0.002562 0.451894 0.000010 0.010158 0.060512 0.353989 0.000010 0.113603 0.007251 0.000010
0.000010 0.434459 0.022069 0.003884 0.000010 0.319558 0.026171 0.179085 0.005285 0.009469
0.001256 0.470147 0.003374 0.015632 0.000010 0.287171 0.022507 0.185966 0.013927 0.000010
0.035602 0.000010 0.000010 0.013717 0.092917 0.000010 0.857704 0.000010 0.000010 0.000010
0.000010 0.000010 0.000010 0.000010 0.000010 0.000010 0.999910 0.000010 0.000010 0.000010
0.000010 0.000010 0.000010 0.000010 0.000010 0.000010 0.999910 0.000010 0.000010 0.000010
0.000010 0.000010 0.000010 0.000010 0.000010 0.001186 0.998734 0.000010 0.000010 0.000010
0.000010 0.000010 0.000010 0.000010 0.000010 0.000010 0.999910 0.000010 0.000010 0.000010
0.000010 0.000010 0.000010 0.000010 0.000010 0.000010 0.999910 0.000010 0.000010 0.000010
0.002648 0.000010 0.046037 0.000010 0.000010 0.015161 0.929338 0.000010 0.006766 0.000010
0.023750 0.000010 0.000010 0.000010 0.000257 0.000010 0.975923 0.000010 0.000010 0.000010
0.000010 0.000010 0.000010 0.000010 0.000010 0.000010 0.999910 0.000010 0.000010 0.000010
0.026044 0.000010 0.004211 0.065198 0.070676 0.000010 0.814315 0.019516 0.000010 0.000010
0.023356 0.000010 0.046940 0.000010 0.004317 0.001954 0.911289 0.000010 0.012105 0.000010
0.000010 0.000010 0.000010 0.000010 0.000010 0.000010 0.999910 0.000010 0.000010 0.000010
0.000010 0.000010 0.000010 0.000010 0.000010 0.023987 0.975933 0.000010 0.000010 0.000010
0.000010 0.000010 0.000010 0.000010 0.000010 0.000010 0.999910 0.000010 0.000010 0.000010
0.000010 0.000010 0.000010 0.000010 0.000010 0.000010 0.999910 0.000010 0.000010 0.000010
0.002535 0.000010 0.000010 0.031096 0.027265 0.000010 0.858551 0.080502 0.000010 0.000010
0.029667 0.000010 0.022943 0.012770 0.030627 0.007330 0.829149 0.063213 0.002042 0.002247
0.000010 0.000010 0.000010 0.000010 0.000010 0.009945 0.989975 0.000010 0.000010 0.000010
0.010814 0.000010 0.015925 0.000010 0.972460 0.000010 0.000010 0.000010 0.000740 0.000010
0.034160 0.000010 0.000010 0.000010 0.952986 0.009487 0.000010 0.000010 0.003306 0.000010
0.019506 0.000010 0.010008 0.000010 0.969356 0.000010 0.000010 0.001070 0.000010 0.000010
0.000010 0.000010 0.000010 0.000010 0.999910 0.000010 0.000010 0.000010 0.000010 0.000010
0.008522 0.000010 0.000010 0.000010 0.991398 0.000010 0.000010 0.000010 0.000010 0.000010
0.000010 0.000010 0.000010 0.004125 0.934103 0.013944 0.000010 0.044123 0.000010 0.003655
0.000010 0.006475 0.027170 0.026586 0.939707 0.000012 0.000010 0.000010 0.000010 0.000010
0.045818 0.000010 0.013783 0.000010 0.940329 0.000010 0.000010 0.000010 0.000010 0.000010
0.009731 0.000010 0.000010 0.000010 0.864867 0.027722 0.018110 0.079519 0.000010 0.000010
0.000010 0.000010 0.000010 0.000010 0.843841 0.036251 0.057544 0.062305 0.000010 0.000010
0.042510 0.057256 0.002500 0.013440 0.884244 0.000010 0.000010 0.000010 0.000010 0.000010
0.000010 0.000010 0.000010 0.000010 0.999910 0.000010 0.000010 0.000010 0.000010 0.000010
0.008816 0.021368 0.000010 0.000010 0.957459 0.012297 0.000010 0.000010 0.000010 0.000010
0.000010 0.000010 0.000010 0.000010 0.960380 0.018450 0.000010 0.013312 0.007798 0.000010
0.000010 0.000010 0.000010 0.000010 0.998568 0.000010 0.000010 0.000010 0.001352 0.000010
0.032893 0.000010 0.000010 0.000010 0.929649 0.005868 0.031530 0.000010 0.000010 0.000010
0.000010 0.000010 0.000010 0.000010 0.999910 0.000010 0.000010 0.000010 0.000010 0.000010
0.000010 0.000010 0.000010 0.000010 0.918728 0.000010 0.006167 0.069012 0.006034 0.000010
0.000010 0.000010 0.000010 0.000010 0.999910 0.000010 0.000010 0.000010 0.000010 0.000010
0.000010 0.000010 0.000010 0.000010 0.999910 0.000010 0.000010 0.000010 0.000010 0.000010
0.000010 0.000010 0.015262 0.007441 0.027501 0.229457 0.048136 0.132154 0.000010 0.540017
0.015410 0.021184 0.000010 0.000010 0.030611 0.129504 0.033863 0.171492 0.006420 0.591496
0.043273 0.000010 0.032439 0.000010 0.041130 0.113598 0.058296 0.149873 0.006057 0.555314
0.003599 0.068653 0.033568 0.021648 0.034650 0.169149 0.024653 0.096060 0.021802 0.526217
0.032249 0.002832 0.031284 0.042362 0.007126 0.101085 0.058264 0.182907 0.000010 0.541881
0.019962 0.000010 0.031077 0.003886 0.067777 0.126290 0.000010 0.156117 0.015127 0.579743
0.033847 0.049562 0.006581 0.000010 0.000010 0.218333 0.061104 0.211319 0.016931 0.402303
0.028224 0.001028 0.044047 0.000010 0.063455 0.260414 0.031676 0.078630 0.000010 0.492507
0.015503 0.028032 0.058923 0.000010 0.016199 0.115663 0.054627 0.112433 0.005763 0.592848
0.002655 0.000010 0.032968 0.018307 0.000065 0.102568 0.000010 0.267361 0.009533 0.566524
0.000010 0.000010 0.039537 0.000010 0.004894 0.171143 0.042294 0.146022 0.008953 0.587128
0.034484 0.000010 0.008594 0.073768 0.057244 0.136116 0.010963 0.144574 0.000010 0.534237
0.029160 0.088676 0.012984 0.000010 0.072556 0.122800 0.074654 0.042880 0.000010 0.556271
0.000010 0.040862 0.013884 0.000010 0.028780 0.129818 0.119283 0.108182 0.024009 0.535163
0.006658 0.000010 0.000010 0.025726 0.000010 0.272482 0.066260 0.050785 0.013285 0.564775
0.000010 0.000010 0.000010 0.000010 0.000010 0.901250 0.000010 0.098670 0.000010 0.000010
0.033685 0.352136 0.021751 0.012438 0.058003 0.024878 0.263119 0.067283 0.008003 0.158704
0.009632 0.463893 0.034238 0.088168 0.063572 0.000010 0.196239 0.012889 0.001799 0.129560
0.019067 0.417202 0.037613 0.005474 0.044458 0.041114 0.180088 0.148711 0.020538 0.085734
0.000010 0.939705 0.000010 0.000010 0.052579 0.000010 0.000010 0.000010 0.003121 0.004535
0.014042 0.038979 0.026762 0.162916 0.020245 0.165676 0.044761 0.000010 0.058376 0.468234
0.033185 0.056758 0.034985 0.193961 0.010445 0.130538 0.007077 0.065004 0.026060 0.441986
0.008244 0.084712 0.030068 0.338465 0.000010 0.035785 0.055378 0.000010 0.171854 0.275473
0.016670 0.083200 0.125154 0.421610 0.000010 0.019449 0.046715 0.000010 0.119974 0.167209
0.032009 0.052996 0.031708 0.372797 0.009852 0.032528 0.131910 0.000010 0.129561 0.206629
0.062805 0.385529 0.029635 0.066915 0.041224 0.000010 0.177396 0.108074 0.000010 0.128402
0.014332 0.419579 0.014259 0.090239 0.019340 0.026565 0.221054 0.000010 0.016135 0.178486
0.000010 0.459331 0.024599 0.041654 0.049079 0.004812 0.130925 0.174713 0.013088 0.101789
0.011986 0.915419 0.013919 0.000010 0.041575 0.000010 0.008435 0.000010 0.008628 0.000010
0.010126 0.094789 0.050939 0.170115 0.006241 0.154892 0.004617 0.000010 0.038118 0.470153
0.004042 0.027265 0.046275 0.202693 0.000010 0.190884 0.023547 0.021044 0.038074 0.446167
0.000010 0.028755 0.039256 0.220923 0.034658 0.000010 0.157887 0.045569 0.033445 0.439487
0.016188 0.047907 0.057907 0.227042 0.000010 0.159599 0.113543 0.000010 0.054217 0.323576
0.000010 0.066027 0.017349 0.382493 0.000010 0.000010 0.000010 0.000010 0.478739 0.055341
0.017434 0.055625 0.063668 0.374539 0.000010 0.057094 0.114093 0.000010 0.092429 0.225097
0.016058 0.332421 0.008918 0.063132 0.000010 0.045730 0.269589 0.079295 0.008471 0.176376
0.009363 0.498647 0.019450 0.011478 0.026061 0.063758 0.113594 0.157990 0.038572 0.061087
0.031433 0.491255 0.000010 0.049024 0.070857 0.002156 0.084434 0.151200 0.000010 0.119621
0.000010 0.956637 0.000010 0.000010 0.000010 0.018431 0.011967 0.000010 0.000010 0.012905
0.027929 0.002662 0.070047 0.193436 0.000010 0.130426 0.000010 0.085685 0.059347 0.430448
0.000010 0.063152 0.057225 0.289004 0.000010 0.070061 0.160342 0.004397 0.075447 0.280352
0.037376 0.078066 0.078154 0.256339 0.021100 0.027412 0.144786 0.000010 0.103276 0.253481
0.000010 0.011910 0.066746 0.315038 0.000010 0.055952 0.098303 0.000010 0.277911 0.174110
0.006141 0.081779 0.028133 0.412470 0.000010 0.002488 0.155349 0.000010 0.081151 0.232470
0.035096 0.352818 0.037027 0.081791 0.047581 0.000010 0.174854 0.114346 0.007694 0.148783
0.039236 0.363831 0.019265 0.010087 0.000575 0.068132 0.151771 0.270095 0.018918 0.058089
0.044212 0.497944 0.015665 0.060945 0.000010 0.023016 0.149132 0.175163 0.005191 0.028722
0.000010 0.924709 0.000010 0.000010 0.044332 0.000010 0.000010 0.000010 0.021616 0.009282
0.016065 0.075703 0.057494 0.353236 0.000010 0.031892 0.152223 0.000010 0.104306 0.209060
0.028560 0.083451 0.059146 0.315692 0.020367 0.000010 0.122227 0.000010 0.099037 0.271501
0.024655 0.057864 0.097124 0.229490 0.007309 0.104650 0.121851 0.000010 0.078767 0.278280
0.049019 0.045680 0.072112 0.284322 0.042388 0.011045 0.139203 0.000010 0.089598 0.266623
0.029580 0.076275 0.055438 0.451333 0.000010 0.001805 0.085908 0.000010 0.115009 0.184631
0.026164 0.399231 0.016442 0.058208 0.026371 0.000931 0.276231 0.000010 0.007856 0.188556
0.005095 0.415621 0.017619 0.063574 0.025655 0.035034 0.077278 0.267341 0.005357 0.087427
0.024087 0.955023 0.009662 0.000010 0.000010 0.000010 0.000010 0.000010 0.011168 0.000010
0.000010 0.822739 0.054491 0.000010 0.014595 0.035357 0.000010 0.055549 0.017228 0.000010
0.017366 0.069916 0.073184 0.094942 0.063717 0.106248 0.014488 0.000010 0.038618 0.521510
0.000010 0.025122 0.051301 0.420870 0.000010 0.124992 0.000010 0.000010 0.164204 0.213470
0.054222 0.030895 0.078395 0.247451 0.000010 0.000010 0.226573 0.000010 0.083004 0.279430
0.000010 0.053784 0.011829 0.400320 0.000010 0.000010 0.026508 0.000010 0.466952 0.040568
0.000010 0.107752 0.050151 0.398497 0.000010 0.016239 0.100321 0.000010 0.105491 0.221519
0.026810 0.368080 0.024835 0.038652 0.019435 0.018780 0.209489 0.094420 0.012630 0.186869
0.003118 0.396302 0.019321 0.059274 0.043325 0.050426 0.116584 0.268040 0.000097 0.043512
0.013277 0.847841 0.000010 0.000010 0.056490 0.016118 0.027931 0.000010 0.000010 0.038303
0.022295 0.895994 0.000010 0.016021 0.019839 0.000010 0.000010 0.006121 0.000010 0.039689
0.020400 0.025813 0.066079 0.152881 0.000010 0.162936 0.015371 0.040926 0.038707 0.476877
0.055905 0.063252 0.061035 0.250410 0.000010 0.013811 0.172684 0.000010 0.091518 0.291365
0.000010 0.065767 0.000010 0.355876 0.000010 0.000010 0.000010 0.000010 0.504399 0.073897
0.000010 0.059657 0.088558 0.328770 0.058512 0.000243 0.000011 0.000010 0.220974 0.243256
0.000010 0.083196 0.002609 0.373167 0.019634 0.047611 0.112595 0.000010 0.137472 0.223696
0.021590 0.332528 0.000010 0.090728 0.036263 0.024559 0.202067 0.089991 0.043357 0.158907
0.001517 0.489399 0.036805 0.044006 0.047025 0.050729 0.091616 0.151744 0.000010 0.087148
0.007784 0.964889 0.012553 0.000010 0.000010 0.000010 0.000010 0.000010 0.000010 0.014714
0.028418 0.086754 0.000877 0.206707 0.000010 0.162083 0.000010 0.001628 0.046586 0.466926
0.007680 0.066823 0.046376 0.346682 0.000010 0.083689 0.033244 0.000010 0.157065 0.258419
0.050670 0.112591 0.056650 0.283399 0.000010 0.001115 0.150351 0.000010 0.091047 0.254157
0.031199 0.054183 0.052046 0.346173 0.018535 0.114016 0.025698 0.000010 0.078742 0.279397
0.026113 0.413028 0.042074 0.065150 0.066831 0.000010 0.182484 0.057136 0.004189 0.142983
0.011562 0.381128 0.033482 0.020643 0.061561 0.033261 0.102899 0.180263 0.025641 0.149561
0.019548 0.837236 0.000010 0.031707 0.009501 0.000010 0.000010 0.085205 0.016764 0.000010
0.027651 0.078233 0.043839 0.329097 0.000010 0.069920 0.003995 0.000010 0.180751 0.266493
0.024825 0.084015 0.037557 0.374884 0.000010 0.006965 0.138688 0.000010 0.127782 0.205264
0.000010 0.057294 0.020079 0.377711 0.000010 0.000010 0.000010 0.000010 0.436144 0.108721
0.016741 0.092708 0.070005 0.338211 0.000010 0.025074 0.099668 0.000010 0.134675 0.222897
0.019736 0.091279 0.058772 0.412691 0.000010 0.008865 0.085218 0.000010 0.095790 0.227630
0.000010 0.019292 0.000010 0.004441 0.018722 0.189039 0.056766 0.124642 0.003952 0.583127
0.014946 0.065039 0.016065 0.002308 0.000010 0.232630 0.077063 0.047493 0.009510 0.534936
0.030310 0.084228 0.000010 0.000010 0.045479 0.000010 0.092941 0.028011 0.004230 0.714771
0.000010 0.077201 0.000010 0.000010 0.000010 0.207173 0.044127 0.053638 0.000010 0.617812
0.000010 0.090783 0.012999 0.000010 0.000010 0.094888 0.000010 0.181234 0.000010 0.620047
0.000010 0.079485 0.000010 0.000010 0.000010 0.038591 0.146559 0.030085 0.000649 0.704591
0.011776 0.078642 0.067159 0.146124 0.000010 0.000010 0.177541 0.000010 0.048911 0.469818
0.035210 0.055578 0.019213 0.033538 0.000010 0.131256 0.000010 0.195518 0.007365 0.522304
0.025910 0.068786 0.000010 0.042486 0.000010 0.445503 0.000010 0.000010 0.007206 0.410069
0.000010 0.163959 0.000010 0.000010 0.040265 0.150429 0.046542 0.004107 0.004354 0.590314
0.000010 0.062756 0.006676 0.025532 0.042977 0.236461 0.000010 0.027326 0.010776 0.587475
0.000010 0.074114 0.000010 0.000010 0.000010 0.000010 0.200015 0.000010 0.003550 0.722261
0.000010 0.087069 0.021478 0.000010 0.011540 0.179671 0.038199 0.048266 0.017328 0.596429
0.022956 0.095537 0.008539 0.021870 0.019436 0.138745 0.000010 0.122023 0.017888 0.552996
0.022419 0.093036 0.011804 0.017374 0.000012 0.067169 0.095564 0.000010 0.000010 0.692601
0.001504 0.117365 0.000010 0.000010 0.000010 0.066735 0.104874 0.000161 0.000010 0.709322
0.041072 0.057722 0.076347 0.111749 0.053185 0.000010 0.093217 0.046527 0.024664 0.495506
0.000010 0.187661 0.034555 0.009407 0.000010 0.081252 0.000010 0.121869 0.000010 0.565217
0.044403 0.081874 0.033957 0.077417 0.006579 0.181800 0.000010 0.078043 0.005831 0.490087
0.039041 0.000010 0.000010 0.000010 0.000010 0.572901 0.000010 0.000010 0.009724 0.378274
0.023728 0.000010 0.004082 0.005734 0.000010 0.429628 0.046913 0.000010 0.005824 0.484060
0.000010 0.016247 0.000010 0.000010 0.000010 0.227638 0.101328 0.088522 0.017653 0.548572
0.007165 0.025232 0.012609 0.000010 0.009604 0.010779 0.166810 0.045494 0.014461 0.707836
0.014930 0.086414 0.002319 0.000010 0.000010 0.000010 0.143725 0.000010 0.006246 0.746326
0.000010 0.000010 0.000705 0.009061 0.000010 0.257032 0.046491 0.125689 0.000010 0.560982
0.014477 0.045818 0.023966 0.000010 0.007832 0.129770 0.000010 0.231595 0.002974 0.543547
0.000010 0.035450 0.000010 0.018973 0.057659 0.044224 0.079078 0.051043 0.000010 0.713544
0.036467 0.074633 0.062550 0.146618 0.015105 0.018597 0.167530 0.000010 0.011085 0.467406
0.025581 0.047095 0.099224 0.191527 0.000010 0.017999 0.150570 0.006514 0.043921 0.417558
0.012891 0.000010 0.000010 0.026905 0.000010 0.582755 0.000010 0.000010 0.011924 0.365476
0.000010 0.019826 0.000010 0.000010 0.000010 0.239142 0.093069 0.047114 0.000010 0.600799
0.021771 0.032447 0.041605 0.000010 0.000010 0.007119 0.154408 0.039114 0.010218 0.693298
0.010751 0.078855 0.000010 0.022957 0.019550 0.000010 0.099356 0.030888 0.022198 0.715426
0.023708 0.051772 0.000010 0.000010 0.021444 0.247056 0.054916 0.006945 0.000010 0.594128
0.010205 0.032899 0.019256 0.027607 0.000010 0.113858 0.000010 0.228447 0.011982 0.555725
0.000010 0.120308 0.000010 0.010242 0.000216 0.019756 0.131429 0.008194 0.015906 0.693929
0.044745 0.017152 0.079613 0.113256 0.000010 0.020945 0.164815 0.038206 0.065182 0.456076
0.008912 0.018509 0.070152 0.147613 0.018403 0.030650 0.144854 0.049341 0.033744 0.477821
0.029407 0.161002 0.000010 0.007097 0.009750 0.092320 0.000010 0.145493 0.011268 0.543643
0.019974 0.158314 0.037384 0.004236 0.000010 0.189711 0.059591 0.000010 0.017687 0.513083
0.006830 0.000010 0.000010 0.000010 0.000010 0.676495 0.000010 0.000010 0.012972 0.303643
0.006921 0.023036 0.000010 0.029608 0.030589 0.243219 0.051371 0.053481 0.001631 0.560134
0.038866 0.029220 0.002481 0.002209 0.025971 0.044513 0.134644 0.000010 0.006576 0.715509
0.016535 0.071047 0.023772 0.000010 0.045169 0.239040 0.059553 0.000010 0.001940 0.542925
0.020949 0.016070 0.038151 0.000010 0.039174 0.231218 0.004075 0.100343 0.001846 0.548166
0.005465 0.033345 0.034424 0.039288 0.000010 0.117299 0.000010 0.214114 0.000010 0.556035
0.000010 0.000010 0.013044 0.000010 0.041929 0.041900 0.081868 0.076953 0.000010 0.744266
0.032550 0.114442 0.076690 0.132412 0.041855 0.000010 0.088897 0.001617 0.024286 0.487241
0.012119 0.079450 0.026493 0.030083 0.007216 0.133496 0.000010 0.168356 0.023398 0.519379
0.031422 0.124794 0.020133 0.024392 0.011375 0.119979 0.000010 0.130795 0.005104 0.531997
0.021218 0.128629 0.007384 0.050840 0.043225 0.126173 0.000010 0.080646 0.018040 0.523835
0.003514 0.000010 0.000010 0.039968 0.000010 0.558658 0.027031 0.000010 0.000010 0.370779
0.018104 0.047434 0.000010 0.008342 0.000010 0.224982 0.087855 0.064384 0.000010 0.548868
0.004570 0.040530 0.034989 0.020513 0.035573 0.000010 0.141339 0.058468 0.000010 0.663999
0.000010 0.027246 0.000010 0.000010 0.091820 0.224258 0.000010 0.047048 0.000010 0.609577
0.012696 0.026180 0.000249 0.001421 0.001714 0.231045 0.071337 0.090281 0.000010 0.565066
0.015642 0.010632 0.019921 0.000010 0.000010 0.181207 0.000010 0.222830 0.001432 0.548305
0.023478 0.094976 0.039216 0.000010 0.042566 0.001339 0.062069 0.018842 0.002061 0.715443
0.026239 0.074859 0.092233 0.135784 0.008580 0.008788 0.140754 0.029726 0.020938 0.462098
0.027064 0.129814 0.005906 0.014704 0.000010 0.123465 0.000010 0.160115 0.005796 0.533115
0.014751 0.162942 0.000010 0.029128 0.000010 0.116273 0.000010 0.146203 0.000010 0.530663
0.024952 0.136006 0.000010 0.019016 0.000010 0.119975 0.000010 0.170600 0.000010 0.529412
0.014725 0.000010 0.000010 0.025600 0.000010 0.529597 0.000010 0.000010 0.015972 0.414057
0.033283 0.017308 0.000010 0.000010 0.024843 0.167205 0.018969 0.135077 0.000010 0.603285
0.000010 0.077416 0.034991 0.000010 0.009811 0.000010 0.141722 0.037082 0.000010 0.698939
0.007535 0.078024 0.003844 0.000010 0.013789 0.264576 0.071610 0.002310 0.001002 0.557301
0.000010 0.109605 0.040273 0.029100 0.010238 0.158024 0.000010 0.110049 0.019076 0.523615
0.044731 0.009336 0.026282 0.036809 0.049565 0.000010 0.080349 0.070152 0.017004 0.665763
0.000010 0.061375 0.090216 0.205947 0.007852 0.000010 0.185531 0.000010 0.047664 0.401386
0.031423 0.037343 0.000010 0.000010 0.004689 0.117596 0.000010 0.215898 0.015979 0.577043
0.004288 0.110027 0.000010 0.090047 0.047573 0.051171 0.097156 0.064765 0.000010 0.534953
0.027267 0.105916 0.014431 0.081328 0.000010 0.173679 0.010730 0.078382 0.019892 0.488364
0.022520 0.086394 0.000010 0.000010 0.000010 0.458527 0.013856 0.000010 0.024453 0.394210
0.008967 0.098062 0.000010 0.000010 0.040111 0.140525 0.053411 0.077522 0.000010 0.581372
0.038952 0.109857 0.021323 0.012228 0.006509 0.000010 0.088649 0.000010 0.004708 0.717753
0.000010 0.000010 0.000010 0.009091 0.018006 0.183742 0.042932 0.107170 0.004681 0.634348
0.048013 0.062602 0.012004 0.000010 0.001115 0.169334 0.021500 0.133009 0.000010 0.552403
0.013309 0.065948 0.000010 0.012020 0.022004 0.069131 0.000010 0.218165 0.000010 0.599393
0.014620 0.083944 0.012206 0.028324 0.000010 0.026164 0.148836 0.005248 0.019299 0.661350
0.016115 0.071697 0.074866 0.158637 0.029283 0.000010 0.138404 0.001426 0.041997 0.467564
0.018616 0.108072 0.009080 0.018661 0.000010 0.119489 0.000010 0.144703 0.002274 0.579086
0.044071 0.054919 0.000010 0.073375 0.000010 0.220967 0.009727 0.116230 0.000010 0.480681
0.025496 0.118604 0.052945 0.072640 0.007678 0.185339 0.025137 0.082358 0.001557 0.428247
0.014049 0.000010 0.000010 0.033427 0.034166 0.544956 0.000010 0.000010 0.000010 0.373351
0.009422 0.747844 0.000010 0.021957 0.000010 0.052312 0.030572 0.088436 0.009450 0.039988
0.015897 0.735771 0.000010 0.000010 0.041175 0.057006 0.021167 0.019573 0.014326 0.095064
0.000935 0.503039 0.027345 0.052332 0.027778 0.052739 0.093867 0.172348 0.000010 0.069608
0.000010 0.714682 0.014826 0.000010 0.000010 0.119812 0.026740 0.122671 0.001229 0.000010
0.014150 0.550395 0.000010 0.018716 0.000010 0.252778 0.016217 0.070118 0.000010 0.077596
0.000010 0.050580 0.000010 0.000010 0.000010 0.949340 0.000010 0.000010 0.000010 0.000010
0.000010 0.805555 0.001079 0.000010 0.019500 0.023294 0.079758 0.000010 0.010977 0.059806
0.000010 0.656555 0.000010 0.030895 0.092150 0.051628 0.063724 0.018500 0.013113 0.073416
0.002598 0.757494 0.001910 0.008366 0.000010 0.106854 0.030086 0.092662 0.000010 0.000010
0.000010 0.588854 0.000010 0.000010 0.000010 0.253114 0.033617 0.124355 0.000010 0.000010
0.018994 0.594725 0.000010 0.012473 0.047910 0.212466 0.000637 0.039808 0.004810 0.068168
0.000010 0.000010 0.000010 0.000010 0.000010 0.999910 0.000010 0.000010 0.000010 0.000010
0.015777 0.707900 0.009187 0.007649 0.059978 0.083429 0.030075 0.000829 0.000010 0.085167
0.000010 0.594955 0.000010 0.019823 0.000010 0.093193 0.076588 0.110777 0.011869 0.092764
0.000010 0.702441 0.000010 0.000010 0.038287 0.116412 0.007020 0.126792 0.002608 0.006410
0.000010 0.937287 0.000010 0.000010 0.000010 0.043790 0.000010 0.000010 0.018853 0.000010
0.000010 0.508853 0.007238 0.002949 0.001059 0.296852 0.000010 0.086476 0.003136 0.093417
0.000010 0.000010 0.000010 0.000010 0.000010 0.999910 0.000010 0.000010 0.000010 0.000010
0.014777 0.660198 0.002034 0.043554 0.033921 0.108011 0.010656 0.096291 0.000010 0.030548
0.003758 0.585645 0.000010 0.007330 0.000010 0.093637 0.072903 0.155742 0.025310 0.055656
0.027054 0.709474 0.000017 0.000010 0.054707 0.101365 0.000010 0.107342 0.000010 0.000010
0.002368 0.644414 0.017272 0.049474 0.000010 0.222259 0.000010 0.023604 0.006357 0.034231
0.014453 0.614023 0.044626 0.000010 0.000010 0.233449 0.000010 0.027962 0.000010 0.065446
0.000010 0.000010 0.000010 0.000010 0.000010 0.999910 0.000010 0.000010 0.000010 0.000010
0.000010 0.678357 0.009559 0.067300 0.056448 0.114291 0.000010 0.054389 0.000010 0.019627
0.014979 0.634999 0.038206 0.041138 0.000010 0.069443 0.051109 0.114958 0.000010 0.035149
0.007847 0.657943 0.015195 0.000010 0.021433 0.097212 0.000010 0.198199 0.002141 0.000010
0.008501 0.597178 0.000010 0.028691 0.028239 0.232600 0.000010 0.041379 0.004459 0.058934
0.001460 0.503607 0.011829 0.001192 0.060434 0.229879 0.000010 0.108842 0.005340 0.077408
0.000010 0.000010 0.000010 0.000010 0.000010 0.999910 0.000010 0.000010 0.000010 0.000010
0.000010 0.635200 0.017329 0.043442 0.053501 0.106408 0.055578 0.034782 0.005929 0.047822
0.047196 0.674300 0.027272 0.000010 0.000010 0.110814 0.069649 0.026527 0.012490 0.031732
0.030824 0.628130 0.020356 0.013027 0.000010 0.089929 0.006493 0.211212 0.000010 0.000010
0.000012 0.601532 0.006483 0.000010 0.000010 0.270494 0.000010 0.050413 0.021658 0.049378
0.012181 0.103120 0.000010 0.000010 0.000010 0.884630 0.000010 0.000010 0.000010 0.000010
0.000010 0.000010 0.006087 0.000010 0.000010 0.993833 0.000010 0.000010 0.000010 0.000010
0.000010 0.774597 0.033456 0.015861 0.022127 0.059517 0.064003 0.014928 0.000010 0.015490
0.022640 0.724935 0.026277 0.000010 0.064821 0.011674 0.081313 0.016997 0.005282 0.046052
0.000010 0.504712 0.046725 0.000010 0.031524 0.091389 0.086632 0.160282 0.011604 0.067112
0.014375 0.628232 0.021856 0.000010 0.066881 0.114042 0.001480 0.142990 0.010123 0.000010
0.000917 0.561131 0.000010 0.017883 0.062470 0.258563 0.000010 0.054524 0.000010 0.044483
0.000010 0.000010 0.000010 0.000010 0.000010 0.999910 0.000010 0.000010 0.000010 0.000010
0.000412 0.187549 0.000010 0.000010 0.000010 0.800916 0.002811 0.000010 0.008262 0.000010
0.000010 0.750023 0.023084 0.000010 0.009576 0.041724 0.112586 0.022924 0.007288 0.032776
0.025456 0.614105 0.000010 0.052013 0.027456 0.110701 0.000010 0.126177 0.006268 0.037804
0.038892 0.628799 0.041021 0.002476 0.000010 0.049723 0.082012 0.109019 0.018083 0.029965
