0.999910 0.000010 0.000010 0.000010 0.000010 0.000010 0.000010 0.000010 0.000010 0.000010
0.250657 0.000010 0.000010 0.000010 0.000010 0.000010 0.000010 0.000010 0.749263 0.000010
0.000010 0.000010 0.000010 0.000010 0.182200 0.000010 0.000010 0.000010 0.817720 0.000010
0.490007 0.000010 0.000010 0.000010 0.121131 0.000010 0.000010 0.000010 0.388792 0.000010
0.977326 0.000015 0.000010 0.000010 0.022590 0.000010 0.000010 0.000010 0.000010 0.000010
0.648840 0.000010 0.000010 0.000010 0.000010 0.000010 0.000010 0.000010 0.351080 0.000010
0.322188 0.000010 0.000010 0.000010 0.000010 0.000010 0.000010 0.000010 0.677732 0.000010
0.347185 0.000010 0.000010 0.000010 0.067165 0.000010 0.000010 0.000010 0.585580 0.000010
0.757367 0.000010 0.000010 0.000010 0.000010 0.000010 0.000010 0.000010 0.242553 0.000010
0.000010 0.000010 0.000010 0.000010 0.244958 0.000010 0.000010 0.000010 0.754962 0.000010
0.525726 0.000010 0.000010 0.004009 0.054717 0.000010 0.000010 0.000010 0.415488 0.000010
0.524012 0.000010 0.000010 0.000205 0.024499 0.000010 0.000010 0.000010 0.451223 0.000010
0.000010 0.000013 0.000010 0.000010 0.053131 0.000010 0.000010 0.000010 0.946786 0.000010
0.000010 0.000010 0.000010 0.000010 0.026244 0.000010 0.000010 0.000010 0.973676 0.000010
0.473271 0.000010 0.000010 0.000010 0.049349 0.000010 0.000010 0.000010 0.477311 0.000010
0.999910 0.000010 0.000010 0.000010 0.000010 0.000010 0.000010 0.000010 0.000010 0.000010
0.000010 0.000010 0.000010 0.000010 0.000010 0.000010 0.000010 0.000010 0.999910 0.000010
0.452037 0.000010 0.000010 0.000010 0.002345 0.000010 0.000010 0.000010 0.545548 0.000010
0.999910 0.000010 0.000010 0.000010 0.000010 0.000010 0.000010 0.000010 0.000010 0.000010
0.577266 0.027914 0.000010 0.000010 0.071774 0.000010 0.000010 0.000010 0.322986 0.000010
0.000010 0.000010 0.000010 0.000010 0.999910 0.000010 0.000010 0.000010 0.000010 0.000010
0.285310 0.000010 0.000010 0.000010 0.026767 0.000010 0.000010 0.000010 0.687853 0.000010
0.432272 0.000010 0.001469 0.000010 0.096515 0.000010 0.000010 0.000010 0.469684 0.000010
0.999909 0.000011 0.000010 0.000010 0.000010 0.000010 0.000010 0.000010 0.000010 0.000010
0.351713 0.000010 0.000010 0.000010 0.047504 0.000010 0.002289 0.000010 0.598434 0.000010
0.498182 0.000010 0.000010 0.000010 0.028075 0.000010 0.014529 0.000010 0.459154 0.000010
0.348497 0.000010 0.000010 0.000010 0.128673 0.000010 0.000010 0.000010 0.522761 0.000010
0.390994 0.000010 0.000010 0.000010 0.040743 0.000010 0.000010 0.000010 0.560418 0.007785
0.248583 0.000010 0.000010 0.000010 0.119023 0.000010 0.000010 0.000010 0.632324 0.000010
0.573846 0.000010 0.000010 0.000010 0.067216 0.000010 0.000010 0.000010 0.358869 0.000010
0.000010 0.000010 0.000010 0.000010 0.107237 0.000010 0.000010 0.000010 0.892683 0.000010
0.000010 0.000010 0.000010 0.000010 0.000010 0.000010 0.000010 0.000010 0.999910 0.000010
0.490554 0.000010 0.000010 0.000010 0.142320 0.000010 0.000010 0.000010 0.367056 0.000010
0.396388 0.000010 0.000010 0.000010 0.032740 0.000010 0.000010 0.000010 0.570583 0.000228
0.434140 0.000010 0.000010 0.000010 0.164094 0.019342 0.000010 0.000010 0.382364 0.000010
0.349042 0.000010 0.000010 0.000010 0.000010 0.000010 0.000010 0.000010 0.650878 0.000010
0.000010 0.000010 0.000010 0.000010 0.048555 0.000010 0.000010 0.000010 0.951365 0.000010
0.000010 0.000010 0.000010 0.000010 0.999905 0.000010 0.000010 0.000015 0.000010 0.000010
0.000010 0.000010 0.000010 0.000010 0.000010 0.000010 0.000010 0.000010 0.999910 0.000010
0.441692 0.000010 0.000010 0.000010 0.011925 0.000010 0.000010 0.000010 0.546313 0.000010
0.582390 0.000010 0.000010 0.000010 0.000010 0.000010 0.000010 0.000010 0.417530 0.000010
0.651724 0.000010 0.000010 0.000010 0.068424 0.000010 0.000010 0.000010 0.279782 0.000010
0.368025 0.000010 0.000010 0.000010 0.059416 0.000010 0.000010 0.000010 0.572489 0.000010
0.999910 0.000010 0.000010 0.000010 0.000010 0.000010 0.000010 0.000010 0.000010 0.000010
0.355192 0.000010 0.000010 0.000010 0.000010 0.000010 0.000010 0.000010 0.644728 0.000010
0.999910 0.000010 0.000010 0.000010 0.000010 0.000010 0.000010 0.000010 0.000010 0.000010
0.000010 0.000010 0.000010 0.000010 0.000010 0.000010 0.000010 0.000010 0.999910 0.000010
0.970319 0.000010 0.000010 0.000010 0.029601 0.000010 0.000010 0.000010 0.000010 0.000010
0.999910 0.000010 0.000010 0.000010 0.000010 0.000010 0.000010 0.000010 0.000010 0.000010
0.547914 0.000010 0.000010 0.007370 0.000010 0.000010 0.000010 0.000010 0.444646 0.000010
0.000010 0.000010 0.000010 0.000010 0.000010 0.544984 0.454935 0.000010 0.000011 0.000010
0.000010 0.337398 0.000010 0.000010 0.000010 0.269146 0.393386 0.000010 0.000010 0.000010
0.000010 0.810496 0.000010 0.000010 0.000010 0.000010 0.189424 0.000010 0.000010 0.000010
0.000010 0.000010 0.000010 0.000010 0.000010 0.000010 0.999910 0.000010 0.000010 0.000010
0.000010 0.503262 0.000010 0.000010 0.000010 0.229974 0.266693 0.000010 0.000010 0.000010
0.000010 0.560518 0.000010 0.000010 0.000010 0.439402 0.000010 0.000010 0.000010 0.000010
0.000010 0.000010 0.000010 0.000010 0.000010 0.999910 0.000010 0.000010 0.000010 0.000010
0.000010 0.278410 0.000010 0.000010 0.000010 0.721510 0.000010 0.000010 0.000010 0.000010
0.000017 0.493729 0.000010 0.000010 0.000010 0.506184 0.000010 0.000010 0.000010 0.000010
0.000010 0.999910 0.000010 0.000010 0.000010 0.000010 0.000010 0.000010 0.000010 0.000010
0.000010 0.000010 0.000010 0.000010 0.000010 0.000010 0.999910 0.000010 0.000010 0.000010
0.000010 0.000010 0.000010 0.000010 0.000010 0.999910 0.000010 0.000010 0.000010 0.000010
0.000010 0.726582 0.000010 0.000010 0.000010 0.273338 0.000010 0.000010 0.000010 0.000010
0.000010 0.360958 0.000010 0.000010 0.000010 0.275481 0.287141 0.076360 0.000010 0.000010
0.000010 0.000010 0.000010 0.000010 0.000010 0.000010 0.999910 0.000010 0.000010 0.000010
0.000010 0.630330 0.000010 0.000010 0.000010 0.369590 0.000010 0.000010 0.000010 0.000010
0.000010 0.394827 0.000010 0.000010 0.000010 0.417796 0.187307 0.000010 0.000010 0.000010
0.000010 0.309258 0.000010 0.000010 0.000010 0.467156 0.223516 0.000010 0.000010 0.000010
0.000010 0.273867 0.000010 0.000010 0.000010 0.561735 0.164329 0.000010 0.000010 0.000010
0.000010 0.000010 0.000010 0.000010 0.000010 0.999910 0.000010 0.000010 0.000010 0.000010
0.000010 0.000010 0.000010 0.000010 0.000010 0.999910 0.000010 0.000010 0.000010 0.000010
0.000010 0.545505 0.000010 0.000010 0.000010 0.319823 0.134603 0.000010 0.000010 0.000010
0.000010 0.000010 0.000010 0.000010 0.000010 0.664984 0.334936 0.000010 0.000010 0.000010
0.000010 0.000010 0.000010 0.000010 0.000010 0.999910 0.000010 0.000010 0.000010 0.000010
0.000010 0.331859 0.003390 0.000010 0.000010 0.219810 0.444881 0.000010 0.000010 0.000010
0.000010 0.149182 0.000010 0.000010 0.000010 0.274201 0.576546 0.000010 0.000010 0.000010
0.000010 0.000010 0.000010 0.000010 0.000010 0.737745 0.245208 0.000010 0.000010 0.016976
0.000010 0.000010 0.000010 0.000010 0.000010 0.786830 0.213090 0.000010 0.000010 0.000010
0.000010 0.000010 0.000010 0.000010 0.000010 0.999910 0.000010 0.000010 0.000010 0.000010
0.000010 0.245074 0.000010 0.000010 0.000010 0.449259 0.276063 0.000010 0.000010 0.029544
0.000010 0.999910 0.000010 0.000010 0.000010 0.000010 0.000010 0.000010 0.000010 0.000010
0.000010 0.000010 0.000010 0.000010 0.000010 0.758408 0.241512 0.000010 0.000010 0.000010
0.000010 0.000010 0.000010 0.000010 0.000010 0.532018 0.467902 0.000010 0.000010 0.000010
0.000010 0.000010 0.000010 0.000010 0.000010 0.000010 0.999910 0.000010 0.000010 0.000010
0.000010 0.000010 0.000010 0.000010 0.000016 0.664605 0.335309 0.000010 0.000010 0.000010
0.000010 0.999910 0.000010 0.000010 0.000010 0.000010 0.000010 0.000010 0.000010 0.000010
0.000010 0.000010 0.000010 0.000010 0.000010 0.999910 0.000010 0.000010 0.000010 0.000010
0.000010 0.562938 0.000010 0.000010 0.000010 0.330679 0.106309 0.000010 0.000013 0.000010
0.000010 0.131797 0.000010 0.000010 0.000010 0.464686 0.403447 0.000010 0.000010 0.000010
0.000010 0.501574 0.000010 0.000010 0.000010 0.498346 0.000010 0.000010 0.000010 0.000010
0.000010 0.282539 0.000010 0.000010 0.000010 0.600867 0.116523 0.000010 0.000010 0.000010
0.000010 0.999910 0.000010 0.000010 0.000010 0.000010 0.000010 0.000010 0.000010 0.000010
0.000010 0.183161 0.000010 0.000010 0.000010 0.390652 0.372336 0.053791 0.000010 0.000010
0.000010 0.447544 0.000010 0.000010 0.000010 0.370448 0.181938 0.000010 0.000010 0.000010
0.000010 0.000010 0.000010 0.000010 0.000010 0.000010 0.999910 0.000010 0.000010 0.000010
0.000010 0.999910 0.000010 0.000010 0.000010 0.000010 0.000010 0.000010 0.000010 0.000010
0.000010 0.261480 0.000010 0.000010 0.000010 0.586361 0.000010 0.000010 0.000010 0.152089
0.000010 0.999910 0.000010 0.000010 0.000010 0.000010 0.000010 0.000010 0.000010 0.000010
0.000010 0.494025 0.000010 0.019297 0.000010 0.360284 0.126334 0.000010 0.000010 0.000010
0.000010 0.435824 0.000010 0.000010 0.000010 0.273746 0.290361 0.000010 0.000010 0.000010
0.000010 0.000010 0.000010 0.000010 0.000010 0.000010 0.000010 0.999910 0.000010 0.000010
0.000010 0.000010 0.000010 0.000010 0.000010 0.000010 0.000010 0.000010 0.000010 0.999910
0.000010 0.000010 0.000010 0.682736 0.000010 0.000010 0.000010 0.317184 0.000010 0.000010
0.000010 0.000010 0.000010 0.999910 0.000010 0.000010 0.000010 0.000010 0.000010 0.000010
0.000010 0.000010 0.329217 0.000010 0.000010 0.072388 0.000010 0.145589 0.000010 0.452747
0.000010 0.000010 0.000010 0.000010 0.000010 0.000010 0.000010 0.000010 0.000010 0.999910
0.000010 0.000010 0.450187 0.223220 0.000010 0.000010 0.000010 0.326523 0.000010 0.000010
0.000010 0.000010 0.000010 0.000010 0.000010 0.000010 0.000010 0.549830 0.000010 0.450090
0.000010 0.000010 0.428536 0.189147 0.000010 0.000010 0.000010 0.382248 0.000010 0.000010
0.000010 0.000010 0.000010 0.000010 0.000010 0.000010 0.000010 0.438013 0.000010 0.561907
0.000010 0.000010 0.999907 0.000010 0.000013 0.000010 0.000010 0.000010 0.000010 0.000010
0.000010 0.000010 0.000010 0.121256 0.000010 0.000010 0.000010 0.191082 0.000010 0.687593
0.000010 0.000010 0.381151 0.188605 0.000010 0.000010 0.000010 0.174771 0.000010 0.255413
0.000010 0.000010 0.000010 0.000010 0.000010 0.000010 0.000011 0.999909 0.000010 0.000010
0.000010 0.000010 0.000010 0.000010 0.000010 0.000010 0.000010 0.000010 0.000010 0.999910
0.000010 0.000010 0.000010 0.000010 0.000010 0.000010 0.000010 0.999910 0.000010 0.000010
0.000010 0.000010 0.257372 0.443829 0.000010 0.000010 0.000010 0.000010 0.000010 0.298729
0.000010 0.000010 0.144700 0.079546 0.000010 0.000010 0.000010 0.000010 0.000010 0.775684
0.000010 0.000010 0.000010 0.000010 0.000010 0.000010 0.000010 0.000010 0.000010 0.999910
0.000010 0.000010 0.000010 0.000010 0.000010 0.000010 0.000010 0.999910 0.000010 0.000010
0.000010 0.000010 0.263026 0.183348 0.000010 0.000010 0.000010 0.000010 0.000010 0.553556
0.000010 0.000010 0.507831 0.046660 0.000010 0.000010 0.000010 0.167571 0.000010 0.277878
0.000010 0.000010 0.383821 0.407118 0.000010 0.000010 0.000010 0.000010 0.000010 0.208991
0.000010 0.000010 0.000010 0.000010 0.000010 0.000010 0.000010 0.000010 0.000010 0.999910
0.000010 0.000010 0.999910 0.000010 0.000010 0.000010 0.000010 0.000010 0.000010 0.000010
0.000010 0.000010 0.000010 0.101715 0.000010 0.000010 0.000010 0.652353 0.000010 0.245862
0.000010 0.000010 0.274908 0.439818 0.000010 0.000010 0.000010 0.000010 0.000010 0.285204
0.000010 0.000010 0.999910 0.000010 0.000010 0.000010 0.000010 0.000010 0.000010 0.000010
0.000010 0.000010 0.000010 0.476984 0.000010 0.000010 0.000010 0.113667 0.000010 0.409279
0.000010 0.000010 0.000010 0.231766 0.000010 0.000010 0.000010 0.000010 0.000010 0.768154
0.000010 0.000010 0.000010 0.018684 0.000010 0.000010 0.000011 0.273292 0.000010 0.707954
0.000010 0.000010 0.000010 0.000010 0.000010 0.000010 0.000010 0.999910 0.000010 0.000010
0.000010 0.000010 0.475582 0.524338 0.000010 0.000010 0.000010 0.000010 0.000010 0.000010
0.000010 0.000010 0.000010 0.999910 0.000010 0.000010 0.000010 0.000010 0.000010 0.000010
0.000010 0.000010 0.000010 0.021837 0.000010 0.000010 0.000010 0.464370 0.000010 0.513723
0.000010 0.000010 0.000010 0.379907 0.000010 0.000010 0.000010 0.620013 0.000010 0.000010
0.000010 0.000010 0.552596 0.000010 0.000010 0.000010 0.000010 0.000010 0.000010 0.447324
0.000010 0.000010 0.000010 0.999910 0.000010 0.000010 0.000010 0.000010 0.000010 0.000010
0.000010 0.000010 0.238220 0.000010 0.000010 0.000010 0.000010 0.433810 0.000010 0.327900
0.000010 0.000010 0.352146 0.070901 0.000010 0.000010 0.000015 0.147150 0.000010 0.429738
0.000010 0.000010 0.000010 0.000010 0.000010 0.000010 0.000010 0.000010 0.000010 0.999910
0.000010 0.000010 0.000010 0.000010 0.000010 0.000010 0.000010 0.999910 0.000010 0.000010
0.000015 0.000010 0.999902 0.000013 0.000010 0.000010 0.000010 0.000010 0.000010 0.000010
0.000010 0.000010 0.000010 0.158731 0.000010 0.000010 0.000010 0.237829 0.000010 0.603371
0.000010 0.000010 0.191676 0.158585 0.000010 0.004567 0.000010 0.000010 0.000010 0.645112
0.000010 0.000010 0.999910 0.000010 0.000010 0.000010 0.000010 0.000010 0.000010 0.000010
0.000010 0.000010 0.000010 0.999910 0.000010 0.000010 0.000010 0.000010 0.000010 0.000010
0.000010 0.000010 0.000014 0.476594 0.000010 0.000010 0.000010 0.000010 0.000010 0.523322
0.000010 0.000010 0.999910 0.000010 0.000010 0.000010 0.000010 0.000010 0.000010 0.000010
0.000010 0.000010 0.000010 0.000010 0.000010 0.000010 0.000010 0.323584 0.000010 0.676336
