0.000010 0.000010 0.000010 0.000010 0.000010 0.000010 0.999920 0.000010 0.000010
0.000010 0.000010 0.000010 0.000010 0.999920 0.000010 0.000010 0.000010 0.000010
0.000010 0.000010 0.252522 0.000010 0.747408 0.000010 0.000010 0.000010 0.000010
0.000010 0.000010 0.289821 0.000010 0.308169 0.000010 0.401950 0.000010 0.000010
0.000010 0.000010 0.249728 0.000010 0.000010 0.000010 0.750202 0.000010 0.000010
0.000010 0.000010 0.000010 0.000010 0.356919 0.000010 0.643011 0.000010 0.000010
0.000010 0.000010 0.090200 0.000010 0.612158 0.000010 0.297581 0.000010 0.000010
0.000010 0.000010 0.128636 0.000010 0.553955 0.000010 0.317350 0.000010 0.000010
0.000010 0.000010 0.000010 0.000010 0.000010 0.000010 0.999920 0.000010 0.000010
0.000010 0.000010 0.342072 0.000010 0.657858 0.000010 0.000010 0.000010 0.000010
0.000010 0.000010 0.095528 0.000010 0.443805 0.001899 0.458718 0.000010 0.000010
0.000010 0.000010 0.000010 0.000010 0.441851 0.000010 0.558079 0.000010 0.000010
0.000010 0.000010 0.201923 0.000010 0.798007 0.000010 0.000010 0.000010 0.000010
0.000010 0.000010 0.110333 0.000010 0.889597 0.000010 0.000010 0.000010 0.000010
0.000010 0.000010 0.161717 0.000010 0.549335 0.000010 0.288889 0.000010 0.000010
0.000010 0.000010 0.000010 0.000010 0.000014 0.000010 0.999916 0.000010 0.000010
0.000010 0.000010 0.002337 0.000010 0.788267 0.000010 0.209337 0.000010 0.000010
0.000010 0.000010 0.133818 0.000010 0.544446 0.000010 0.321676 0.000010 0.000010
0.000010 0.000010 0.000010 0.000010 0.000010 0.000010 0.999920 0.000010 0.000010
0.000010 0.026870 0.186649 0.000010 0.282421 0.000010 0.504010 0.000010 0.000010
0.000010 0.000010 0.999920 0.000010 0.000010 0.000010 0.000010 0.000010 0.000010
0.000010 0.000011 0.000010 0.000010 0.810859 0.000010 0.189071 0.000010 0.000010
0.000010 0.000010 0.054165 0.000010 0.559540 0.000010 0.386235 0.000010 0.000010
0.000010 0.000010 0.000010 0.000010 0.000010 0.000010 0.999920 0.000010 0.000010
0.000010 0.000010 0.068033 0.000010 0.634399 0.000010 0.297508 0.000010 0.000010
0.000010 0.000010 0.083310 0.000010 0.601820 0.000010 0.314809 0.000010 0.000010
0.006387 0.000010 0.243436 0.000010 0.482873 0.000010 0.267254 0.000010 0.000010
0.003327 0.000010 0.000010 0.000010 0.575822 0.000010 0.420791 0.000010 0.000010
0.000010 0.000010 0.271334 0.000011 0.520375 0.000010 0.208230 0.000010 0.000010
0.000010 0.000010 0.999920 0.000010 0.000010 0.000010 0.000010 0.000010 0.000010
0.000010 0.000010 0.124398 0.000010 0.875532 0.000010 0.000010 0.000010 0.000010
0.000010 0.000010 0.000010 0.000010 0.999920 0.000010 0.000010 0.000010 0.000010
0.000010 0.000010 0.999920 0.000010 0.000010 0.000010 0.000010 0.000010 0.000010
0.000010 0.000010 0.090186 0.000010 0.450129 0.000010 0.459624 0.000010 0.000010
0.000010 0.000010 0.282645 0.000010 0.318962 0.000010 0.378129 0.020213 0.000010
0.000010 0.000010 0.000010 0.000010 0.741014 0.000010 0.258916 0.000010 0.000010
0.000010 0.000010 0.105121 0.000010 0.894809 0.000010 0.000010 0.000010 0.000010
0.000010 0.000010 0.999918 0.000010 0.000010 0.000012 0.000010 0.000010 0.000010
0.000010 0.000010 0.000010 0.000010 0.999920 0.000010 0.000010 0.000010 0.000010
0.000010 0.000010 0.159526 0.000010 0.544754 0.000014 0.295655 0.000010 0.000010
0.000010 0.000010 0.096070 0.000010 0.400774 0.000010 0.503096 0.000010 0.000010
0.000010 0.000010 0.183087 0.000010 0.293129 0.000010 0.523723 0.000010 0.000010
0.000011 0.000010 0.025828 0.000010 0.635398 0.000010 0.338708 0.000014 0.000010
0.000010 0.000010 0.244937 0.000010 0.000010 0.000010 0.754993 0.000010 0.000010
0.000010 0.000010 0.000010 0.000010 0.736814 0.000010 0.263116 0.000010 0.000010
0.000010 0.000010 0.000010 0.000010 0.000010 0.000010 0.999920 0.000010 0.000010
0.000010 0.000010 0.000010 0.000010 0.999920 0.000010 0.000010 0.000010 0.000010
0.000010 0.000010 0.354874 0.000010 0.000010 0.000010 0.645056 0.000010 0.000010
0.000010 0.000010 0.212452 0.000010 0.141746 0.000010 0.645742 0.000010 0.000010
0.000010 0.000010 0.000010 0.000010 0.493086 0.000010 0.506844 0.000010 0.000010
0.000010 0.000010 0.000010 0.000010 0.000010 0.000010 0.000010 0.999920 0.000010
0.000010 0.451118 0.000010 0.000010 0.000010 0.000010 0.000010 0.548812 0.000010
0.000010 0.999920 0.000010 0.000010 0.000010 0.000010 0.000010 0.000010 0.000010
0.000010 0.000010 0.000010 0.000010 0.000010 0.000010 0.000010 0.999920 0.000010
0.000010 0.646015 0.000010 0.000010 0.000010 0.000010 0.000010 0.353915 0.000010
0.000010 0.549426 0.000010 0.000010 0.000010 0.000010 0.000010 0.450504 0.000010
0.000010 0.205249 0.000010 0.000010 0.000010 0.000010 0.000010 0.767927 0.026764
0.000010 0.177788 0.000010 0.000010 0.000010 0.024271 0.000010 0.797881 0.000010
0.000010 0.498195 0.000010 0.000010 0.000010 0.000010 0.000010 0.501735 0.000010
0.000010 0.999920 0.000010 0.000010 0.000010 0.000010 0.000010 0.000010 0.000010
0.000010 0.000010 0.000010 0.000010 0.000010 0.000010 0.000010 0.999920 0.000010
0.000010 0.249975 0.000010 0.000010 0.000010 0.000010 0.000010 0.749955 0.000010
0.000010 0.999920 0.000010 0.000010 0.000010 0.000010 0.000010 0.000010 0.000010
0.000011 0.516041 0.000010 0.000010 0.000010 0.000010 0.000010 0.399532 0.084365
0.000010 0.999920 0.000010 0.000010 0.000010 0.000010 0.000010 0.000010 0.000010
0.000010 0.630826 0.000010 0.000010 0.000010 0.000010 0.000010 0.369104 0.000010
0.000010 0.555156 0.000010 0.000010 0.000010 0.000010 0.000010 0.444774 0.000010
0.000010 0.522647 0.000010 0.000010 0.000010 0.000010 0.000010 0.477283 0.000010
0.000010 0.364383 0.000011 0.000010 0.000010 0.013273 0.000010 0.622283 0.000010
0.000010 0.000010 0.000010 0.000010 0.000010 0.000010 0.000010 0.999920 0.000010
0.000010 0.000010 0.000010 0.000010 0.000010 0.000010 0.000010 0.969872 0.030058
0.000010 0.613946 0.000010 0.000010 0.000010 0.000010 0.000010 0.385984 0.000010
0.000010 0.000010 0.000010 0.000010 0.000010 0.000010 0.000010 0.999920 0.000010
0.000010 0.000010 0.000010 0.000010 0.000010 0.000010 0.000010 0.999920 0.000010
0.025866 0.358409 0.000010 0.000010 0.000010 0.000010 0.000010 0.615665 0.000010
0.000010 0.000010 0.000010 0.000010 0.000010 0.000010 0.000010 0.999920 0.000010
0.000010 0.000010 0.000010 0.035292 0.000010 0.000010 0.000010 0.964638 0.000010
0.000010 0.000010 0.000010 0.000010 0.000010 0.000010 0.000010 0.999920 0.000010
0.000010 0.000010 0.000010 0.000010 0.000010 0.000010 0.000010 0.999920 0.000010
0.032360 0.426476 0.000010 0.000010 0.000011 0.000010 0.000010 0.541104 0.000010
0.000010 0.999920 0.000010 0.000010 0.000010 0.000010 0.000010 0.000010 0.000010
0.000010 0.000010 0.000010 0.000010 0.000010 0.000010 0.000010 0.999920 0.000010
0.000010 0.000010 0.000010 0.000010 0.000010 0.000010 0.000010 0.999920 0.000010
0.000010 0.466865 0.000010 0.000010 0.000010 0.000010 0.000010 0.533065 0.000010
0.000010 0.000010 0.000010 0.000010 0.000010 0.000010 0.000010 0.999920 0.000010
0.000010 0.999920 0.000010 0.000010 0.000010 0.000010 0.000010 0.000010 0.000010
0.000010 0.192601 0.000010 0.000010 0.000010 0.000010 0.000010 0.807329 0.000010
0.000010 0.689101 0.000011 0.000010 0.000010 0.000010 0.000010 0.310828 0.000010
0.000010 0.387827 0.000010 0.000010 0.000010 0.000010 0.000010 0.612103 0.000010
0.000010 0.564421 0.000010 0.000010 0.000010 0.000010 0.000010 0.435509 0.000010
0.000010 0.339007 0.000010 0.000010 0.000010 0.000010 0.000010 0.660923 0.000010
0.000010 0.999920 0.000010 0.000010 0.000010 0.000010 0.000010 0.000010 0.000010
0.000010 0.257371 0.000010 0.000010 0.000010 0.000010 0.000010 0.672112 0.070457
0.000010 0.537087 0.000010 0.000010 0.000010 0.000010 0.000010 0.462843 0.000010
0.000010 0.760585 0.000010 0.000010 0.000010 0.000010 0.000010 0.239345 0.000010
0.000010 0.999920 0.000010 0.000010 0.000010 0.000010 0.000010 0.000010 0.000010
0.123323 0.179011 0.000010 0.033339 0.000010 0.000010 0.000010 0.664278 0.000010
0.000010 0.999920 0.000010 0.000010 0.000010 0.000010 0.000010 0.000010 0.000010
0.000010 0.521747 0.000010 0.000010 0.000010 0.017097 0.000010 0.461096 0.000010
0.000010 0.628010 0.000010 0.000010 0.000010 0.000010 0.000010 0.371920 0.000010
0.000012 0.000010 0.000010 0.999918 0.000010 0.000010 0.000010 0.000010 0.000010
0.999920 0.000010 0.000010 0.000010 0.000010 0.000010 0.000010 0.000010 0.000010
0.000010 0.000010 0.000010 0.363932 0.000010 0.635998 0.000010 0.000010 0.000010
0.000010 0.000010 0.000010 0.000010 0.000010 0.999920 0.000010 0.000010 0.000010
0.392460 0.000010 0.000010 0.575610 0.000010 0.000010 0.000010 0.031870 0.000010
0.999920 0.000010 0.000010 0.000010 0.000010 0.000010 0.000010 0.000010 0.000010
0.000010 0.000015 0.000010 0.000010 0.000010 0.518560 0.000010 0.000010 0.481365
0.000010 0.000010 0.000010 0.999920 0.000010 0.000010 0.000010 0.000010 0.000010
0.000010 0.000010 0.000010 0.999920 0.000010 0.000010 0.000010 0.000010 0.000010
0.464160 0.000010 0.000010 0.000010 0.000010 0.000010 0.000010 0.000010 0.535770
0.000010 0.000010 0.000010 0.243706 0.000010 0.422499 0.000013 0.000010 0.333732
0.548326 0.000013 0.000010 0.402910 0.000010 0.048701 0.000010 0.000010 0.000010
0.163373 0.000010 0.000010 0.134671 0.000010 0.479313 0.000010 0.000010 0.222593
0.000010 0.000010 0.000010 0.000010 0.000010 0.000010 0.000010 0.000010 0.999920
0.999920 0.000010 0.000010 0.000010 0.000010 0.000010 0.000010 0.000010 0.000010
0.000010 0.000010 0.000010 0.000010 0.000010 0.000010 0.000010 0.000010 0.999920
0.321710 0.000010 0.000010 0.000010 0.000010 0.546552 0.000010 0.000010 0.131678
0.999920 0.000010 0.000010 0.000010 0.000010 0.000010 0.000010 0.000010 0.000010
0.000010 0.000010 0.000010 0.999920 0.000010 0.000010 0.000010 0.000010 0.000010
0.000010 0.000010 0.000013 0.408331 0.000012 0.169409 0.000010 0.000010 0.422194
0.562321 0.000010 0.000010 0.133662 0.000010 0.303957 0.000010 0.000010 0.000010
0.298735 0.000010 0.000010 0.134184 0.000010 0.247817 0.000010 0.000010 0.319214
0.256930 0.000010 0.000010 0.000010 0.000010 0.743000 0.000010 0.000010 0.000010
0.546509 0.000010 0.000010 0.000010 0.000010 0.000010 0.000010 0.000010 0.453421
0.000010 0.000010 0.000010 0.668744 0.000010 0.331186 0.000010 0.000010 0.000010
0.000010 0.000010 0.000010 0.999919 0.000011 0.000010 0.000010 0.000010 0.000010
0.169966 0.000010 0.000010 0.000010 0.000010 0.498129 0.000010 0.000010 0.331846
0.000010 0.000010 0.000010 0.446724 0.000010 0.367102 0.000010 0.000010 0.186115
0.314933 0.000010 0.000010 0.000010 0.000010 0.509326 0.000010 0.000010 0.175681
0.364330 0.000010 0.000010 0.000010 0.000010 0.246304 0.000010 0.000010 0.389306
0.000010 0.000010 0.000010 0.999920 0.000010 0.000010 0.000010 0.000010 0.000010
0.000010 0.000010 0.000010 0.000010 0.000010 0.000010 0.000010 0.000010 0.999920
0.000010 0.000010 0.000010 0.000010 0.000010 0.999920 0.000010 0.000010 0.000010
0.000010 0.000010 0.000010 0.000010 0.000010 0.999920 0.000010 0.000010 0.000010
0.000010 0.000010 0.000010 0.486613 0.000010 0.000010 0.000010 0.000010 0.513317
0.000010 0.000010 0.000010 0.259384 0.000010 0.343949 0.000010 0.000010 0.396607
0.670519 0.000010 0.000010 0.000010 0.000010 0.329411 0.000010 0.000010 0.000010
0.000010 0.000010 0.000010 0.000010 0.000010 0.999920 0.000010 0.000010 0.000010
0.251336 0.000010 0.000010 0.186552 0.000010 0.114816 0.000010 0.000010 0.447245
0.473171 0.000017 0.000012 0.264287 0.000010 0.177922 0.000010 0.000010 0.084561
0.999920 0.000010 0.000010 0.000010 0.000010 0.000010 0.000010 0.000010 0.000010
0.000010 0.000010 0.000010 0.999920 0.000010 0.000010 0.000010 0.000010 0.000010
0.000010 0.000010 0.000010 0.000010 0.000010 0.999920 0.000010 0.000010 0.000010
0.539537 0.000010 0.000010 0.373217 0.000010 0.033472 0.000010 0.000010 0.053724
0.158871 0.000010 0.000010 0.595566 0.000010 0.245503 0.000010 0.000010 0.000010
0.000010 0.000010 0.000010 0.000010 0.000010 0.999920 0.000010 0.000010 0.000010
0.000010 0.000010 0.000010 0.000010 0.000010 0.999920 0.000010 0.000010 0.000010
0.377633 0.000010 0.000010 0.255731 0.000010 0.366575 0.000010 0.000010 0.000010
0.604776 0.000010 0.000010 0.000010 0.000010 0.395154 0.000010 0.000010 0.000010
0.498841 0.000010 0.000010 0.000010 0.000010 0.000010 0.000010 0.000010 0.501089
