0.000010 0.327686 0.029932 0.000010 0.166857 0.000010 0.000010 0.000010 0.475456 0.000010 0.000010
0.000010 0.561042 0.000010 0.000010 0.438868 0.000010 0.000010 0.000010 0.000010 0.000010 0.000010
0.000010 0.000010 0.160481 0.000010 0.447089 0.000010 0.000010 0.000010 0.392350 0.000010 0.000010
0.000010 0.000010 0.000010 0.000010 0.000010 0.000010 0.000010 0.000010 0.999900 0.000010 0.000010
0.000010 0.000010 0.000010 0.000010 0.000010 0.000010 0.000010 0.000010 0.999900 0.000010 0.000010
0.000010 0.999900 0.000010 0.000010 0.000010 0.000010 0.000010 0.000010 0.000010 0.000010 0.000010
0.000010 0.000010 0.000010 0.000010 0.620601 0.000010 0.000010 0.000010 0.379309 0.000010 0.000010
0.000010 0.000010 0.000010 0.000010 0.000010 0.000010 0.000010 0.000010 0.999900 0.000010 0.000010
0.000010 0.000010 0.000010 0.000010 0.000010 0.000010 0.000010 0.000010 0.999900 0.000010 0.000010
0.000010 0.000010 0.276258 0.000010 0.723652 0.000010 0.000010 0.000010 0.000010 0.000010 0.000010
0.000010 0.864551 0.135359 0.000010 0.000010 0.000010 0.000010 0.000010 0.000010 0.000010 0.000010
0.000010 0.329785 0.000010 0.000010 0.252217 0.000010 0.000010 0.000010 0.417918 0.000010 0.000010
0.000010 0.000010 0.000010 0.000010 0.999900 0.000010 0.000010 0.000010 0.000010 0.000010 0.000010
0.000010 0.289305 0.056577 0.007449 0.354561 0.000010 0.000010 0.000010 0.292047 0.000010 0.000010
0.000010 0.383786 0.124246 0.000010 0.273925 0.000010 0.000010 0.000010 0.217974 0.000010 0.000010
0.000010 0.999900 0.000010 0.000010 0.000010 0.000010 0.000010 0.000010 0.000010 0.000010 0.000010
0.000010 0.000010 0.000010 0.000010 0.999900 0.000010 0.000010 0.000010 0.000010 0.000010 0.000010
0.000010 0.000010 0.000010 0.000010 0.000010 0.000010 0.000010 0.000010 0.999900 0.000010 0.000010
0.000010 0.000010 0.000010 0.000010 0.000010 0.000010 0.000010 0.000010 0.999900 0.000010 0.000010
0.000010 0.375610 0.104008 0.018245 0.000010 0.000010 0.000010 0.000010 0.502068 0.000010 0.000010
0.000011 0.000010 0.999889 0.000010 0.000010 0.000010 0.000020 0.000010 0.000010 0.000010 0.000010
0.000010 0.610014 0.000010 0.000010 0.389896 0.000010 0.000010 0.000010 0.000010 0.000010 0.000010
0.000010 0.678313 0.000010 0.000010 0.000010 0.000010 0.000010 0.000010 0.321597 0.000010 0.000010
0.000010 0.999900 0.000010 0.000010 0.000010 0.000010 0.000010 0.000010 0.000010 0.000010 0.000010
0.000010 0.275652 0.075341 0.000010 0.285671 0.000010 0.000010 0.000010 0.361461 0.001815 0.000010
0.000010 0.687932 0.000010 0.000010 0.000010 0.000010 0.000010 0.000010 0.311978 0.000010 0.000010
0.000010 0.289496 0.284416 0.000010 0.426008 0.000010 0.000010 0.000010 0.000010 0.000010 0.000010
0.000010 0.343654 0.009821 0.000010 0.264352 0.000010 0.000010 0.015596 0.366516 0.000010 0.000010
0.000010 0.000010 0.000010 0.000010 0.580201 0.000010 0.000010 0.000010 0.419709 0.000010 0.000010
0.000010 0.187931 0.173806 0.000010 0.284384 0.000010 0.000010 0.000010 0.353808 0.000010 0.000010
0.000010 0.310002 0.013487 0.000010 0.290816 0.000010 0.000010 0.000010 0.385624 0.000010 0.000010
0.000010 0.000010 0.000010 0.000010 0.999900 0.000010 0.000010 0.000010 0.000010 0.000010 0.000010
0.000010 0.000010 0.289853 0.000010 0.266042 0.000010 0.000010 0.000010 0.444025 0.000010 0.000010
0.000010 0.367648 0.084366 0.000010 0.384217 0.000010 0.000010 0.000010 0.162006 0.001702 0.000010
0.000010 0.000010 0.232233 0.000010 0.000010 0.000010 0.000010 0.000010 0.767677 0.000010 0.000010
0.000010 0.495902 0.000010 0.000010 0.504008 0.000010 0.000010 0.000010 0.000010 0.000010 0.000010
0.000010 0.000010 0.000010 0.000010 0.999900 0.000010 0.000010 0.000010 0.000010 0.000010 0.000010
0.000010 0.000015 0.999895 0.000010 0.000010 0.000010 0.000010 0.000010 0.000010 0.000010 0.000010
0.000010 0.263795 0.000010 0.000010 0.559203 0.000010 0.000010 0.000010 0.176922 0.000010 0.000010
0.000010 0.359995 0.114380 0.000010 0.281059 0.000010 0.000010 0.000010 0.244497 0.000010 0.000010
0.000010 0.999900 0.000010 0.000010 0.000010 0.000010 0.000010 0.000010 0.000010 0.000010 0.000010
0.000010 0.884723 0.115187 0.000010 0.000010 0.000010 0.000010 0.000010 0.000010 0.000010 0.000010
0.000010 0.568680 0.103146 0.000010 0.328094 0.000010 0.000010 0.000010 0.000010 0.000010 0.000010
0.000010 0.610906 0.389004 0.000010 0.000010 0.000010 0.000010 0.000010 0.000010 0.000010 0.000010
0.000010 0.553588 0.000010 0.000010 0.446322 0.000010 0.000010 0.000010 0.000010 0.000010 0.000010
0.000010 0.461090 0.127258 0.000010 0.069267 0.000010 0.000010 0.020893 0.321432 0.000010 0.000010
0.000010 0.000010 0.000010 0.000010 0.999900 0.000010 0.000010 0.000010 0.000010 0.000010 0.000010
0.000010 0.000010 0.999900 0.000010 0.000010 0.000010 0.000010 0.000010 0.000010 0.000010 0.000010
0.000010 0.772379 0.227531 0.000010 0.000010 0.000010 0.000010 0.000010 0.000010 0.000010 0.000010
0.000010 0.377528 0.000010 0.000010 0.161780 0.000010 0.000010 0.000010 0.460612 0.000010 0.000010
0.000010 0.000010 0.000010 0.306245 0.000010 0.000010 0.314139 0.000010 0.000010 0.379536 0.000010
0.000010 0.000010 0.000010 0.370184 0.000010 0.202432 0.000010 0.000010 0.000010 0.427304 0.000010
0.000010 0.000010 0.000012 0.000010 0.000015 0.655470 0.000010 0.000010 0.000010 0.344433 0.000010
0.000010 0.000010 0.000010 0.000010 0.000010 0.000010 0.000010 0.000010 0.000010 0.999900 0.000010
0.000010 0.000010 0.000010 0.266223 0.000010 0.398037 0.000010 0.000010 0.000010 0.335660 0.000010
0.000010 0.000010 0.000010 0.456722 0.000010 0.445364 0.097835 0.000010 0.000010 0.000010 0.000010
0.000010 0.000010 0.000010 0.380519 0.000010 0.271589 0.347812 0.000010 0.000010 0.000010 0.000010
0.000010 0.000010 0.000010 0.999900 0.000010 0.000010 0.000010 0.000010 0.000010 0.000010 0.000010
0.000010 0.000010 0.000010 0.999900 0.000010 0.000010 0.000010 0.000010 0.000010 0.000010 0.000010
0.000010 0.000010 0.000010 0.000010 0.000010 0.999900 0.000010 0.000010 0.000010 0.000010 0.000010
0.000010 0.000010 0.000010 0.440125 0.000010 0.000010 0.000010 0.000010 0.000010 0.559785 0.000010
0.000010 0.000010 0.000010 0.999900 0.000010 0.000010 0.000010 0.000010 0.000010 0.000010 0.000010
0.000010 0.000010 0.000010 0.394058 0.000010 0.605852 0.000010 0.000010 0.000010 0.000010 0.000010
0.056391 0.000010 0.000010 0.000010 0.000010 0.308764 0.303142 0.000010 0.000010 0.331633 0.000010
0.000010 0.000010 0.000010 0.000010 0.000010 0.000010 0.000010 0.000010 0.000010 0.999900 0.000010
0.000010 0.000010 0.000010 0.000010 0.000010 0.714493 0.285417 0.000010 0.000010 0.000010 0.000010
0.000010 0.000010 0.000010 0.000010 0.000010 0.395796 0.335752 0.000010 0.000010 0.268372 0.000010
0.000010 0.000010 0.000010 0.332130 0.000010 0.195092 0.000010 0.000010 0.000010 0.472698 0.000010
0.000010 0.000010 0.000010 0.632241 0.000010 0.202048 0.000010 0.000010 0.000010 0.165632 0.000010
0.000010 0.000010 0.000010 0.999900 0.000010 0.000010 0.000010 0.000010 0.000010 0.000010 0.000010
0.000010 0.000010 0.000010 0.000010 0.000010 0.000010 0.999900 0.000010 0.000010 0.000010 0.000010
0.000010 0.000010 0.000010 0.000010 0.000010 0.544380 0.159512 0.000010 0.000010 0.296028 0.000010
0.000010 0.000010 0.000010 0.999900 0.000010 0.000010 0.000010 0.000010 0.000010 0.000010 0.000010
0.000010 0.000010 0.000010 0.281431 0.000010 0.000010 0.553804 0.000010 0.000010 0.164684 0.000010
0.000010 0.000010 0.000010 0.000010 0.000010 0.000010 0.000010 0.000010 0.000010 0.999900 0.000010
0.000010 0.000010 0.000010 0.273975 0.000010 0.066159 0.153561 0.000010 0.000010 0.506235 0.000010
0.000010 0.000010 0.000010 0.000010 0.000010 0.000010 0.999900 0.000010 0.000010 0.000010 0.000010
0.000010 0.000010 0.000010 0.493735 0.000010 0.000010 0.278073 0.000010 0.000010 0.228112 0.000010
0.000010 0.000010 0.000010 0.000010 0.000010 0.000010 0.999900 0.000010 0.000010 0.000010 0.000010
0.009562 0.000010 0.000010 0.380659 0.000010 0.155237 0.119524 0.000010 0.000010 0.324373 0.010595
0.000010 0.000010 0.000010 0.000010 0.000010 0.694963 0.000010 0.000010 0.000010 0.304947 0.000010
0.000010 0.000010 0.000010 0.000010 0.000010 0.000010 0.999900 0.000010 0.000010 0.000010 0.000010
0.000010 0.000010 0.000010 0.273166 0.000010 0.000010 0.367837 0.000010 0.000010 0.358917 0.000010
0.000010 0.000010 0.000010 0.000010 0.000010 0.000010 0.000010 0.000010 0.000010 0.999900 0.000010
0.000010 0.000010 0.000010 0.274756 0.000010 0.000010 0.406760 0.000010 0.000010 0.318404 0.000010
0.000010 0.000010 0.000010 0.000010 0.000010 0.999900 0.000010 0.000010 0.000010 0.000010 0.000010
0.000010 0.000010 0.000010 0.999900 0.000010 0.000010 0.000010 0.000010 0.000010 0.000010 0.000010
0.000010 0.000010 0.000010 0.276706 0.000010 0.437620 0.095380 0.000010 0.000010 0.190225 0.000010
0.000010 0.000010 0.000010 0.483176 0.000010 0.000010 0.000010 0.000010 0.000010 0.516734 0.000010
0.000010 0.000010 0.000010 0.557594 0.000010 0.442316 0.000010 0.000010 0.000010 0.000010 0.000010
0.000010 0.000010 0.000010 0.999900 0.000010 0.000010 0.000010 0.000010 0.000010 0.000010 0.000010
0.000010 0.000010 0.000010 0.000010 0.000010 0.999900 0.000010 0.000010 0.000010 0.000010 0.000010
0.008593 0.000010 0.000010 0.000010 0.000010 0.000010 0.460081 0.000010 0.000010 0.531246 0.000010
0.000010 0.000010 0.000010 0.000010 0.000010 0.344574 0.346788 0.000010 0.000010 0.308558 0.000010
0.000010 0.000010 0.000010 0.000010 0.000010 0.000010 0.000010 0.000010 0.000010 0.999900 0.000010
0.000011 0.000010 0.000010 0.000010 0.000010 0.999899 0.000010 0.000010 0.000010 0.000010 0.000010
0.000010 0.000010 0.000010 0.268381 0.000010 0.187914 0.304010 0.144266 0.000010 0.095368 0.000010
0.000010 0.000010 0.000010 0.000010 0.000010 0.999900 0.000010 0.000010 0.000010 0.000010 0.000010
0.000010 0.000010 0.000010 0.295565 0.000010 0.346535 0.121477 0.000010 0.000010 0.217703 0.018660
0.000010 0.000010 0.000010 0.491337 0.000010 0.000010 0.000010 0.000010 0.000010 0.508573 0.000010
0.791766 0.000010 0.000010 0.000010 0.000010 0.000010 0.000010 0.000010 0.000010 0.000010 0.208144
0.000010 0.000010 0.000010 0.000010 0.000010 0.000010 0.000010 0.999900 0.000010 0.000010 0.000010
0.000010 0.000010 0.000010 0.000010 0.000010 0.000010 0.000010 0.000010 0.000010 0.000010 0.999900
0.000010 0.000010 0.000010 0.000010 0.000010 0.000010 0.000010 0.000010 0.000010 0.000010 0.999900
0.556535 0.000010 0.000010 0.062979 0.000010 0.000010 0.000010 0.380406 0.000010 0.000010 0.000010
0.000010 0.000010 0.000010 0.000010 0.000010 0.000010 0.000010 0.999900 0.000010 0.000010 0.000010
0.000010 0.000010 0.000010 0.000010 0.000010 0.000010 0.000010 0.000010 0.000010 0.000010 0.999900
0.999900 0.000010 0.000010 0.000010 0.000010 0.000010 0.000010 0.000010 0.000010 0.000010 0.000010
0.559251 0.000010 0.000010 0.000010 0.000010 0.000010 0.000010 0.000010 0.000010 0.000010 0.440659
0.862483 0.000010 0.000010 0.000010 0.000010 0.000010 0.000010 0.137427 0.000010 0.000010 0.000010
0.516123 0.000010 0.000010 0.000010 0.000010 0.000010 0.000010 0.000010 0.000010 0.000010 0.483787
0.463354 0.000010 0.000010 0.000010 0.000010 0.000010 0.000010 0.361578 0.000010 0.000010 0.174988
0.316108 0.000010 0.000010 0.000010 0.000010 0.000010 0.000010 0.124972 0.000010 0.000010 0.558841
0.999887 0.000012 0.000013 0.000014 0.000014 0.000010 0.000010 0.000010 0.000010 0.000010 0.000010
0.527876 0.000010 0.000010 0.000010 0.000010 0.000010 0.000010 0.472034 0.000010 0.000010 0.000010
0.999900 0.000010 0.000010 0.000010 0.000010 0.000010 0.000010 0.000010 0.000010 0.000010 0.000010
0.000010 0.000010 0.000010 0.000010 0.000010 0.000010 0.000010 0.364963 0.000010 0.000010 0.634947
0.383026 0.000010 0.000010 0.000010 0.000010 0.014984 0.000010 0.505154 0.000010 0.000010 0.096766
0.999900 0.000010 0.000010 0.000010 0.000010 0.000010 0.000010 0.000010 0.000010 0.000010 0.000010
0.678595 0.000010 0.000010 0.000015 0.000010 0.000010 0.000010 0.000010 0.000010 0.000010 0.321310
0.000010 0.000010 0.000010 0.000010 0.000010 0.000010 0.000010 0.478677 0.000010 0.000010 0.521233
0.277984 0.000010 0.000010 0.000010 0.000010 0.000010 0.020419 0.214793 0.000010 0.000010 0.486734
0.000010 0.000010 0.000010 0.000010 0.000010 0.000010 0.000010 0.486939 0.000010 0.000010 0.512971
0.698396 0.000010 0.000010 0.000010 0.000010 0.000010 0.000010 0.301514 0.000010 0.000010 0.000010
0.369207 0.000010 0.000010 0.000010 0.000010 0.000010 0.000019 0.335425 0.000010 0.000010 0.295279
0.747923 0.000010 0.000010 0.000010 0.000010 0.000017 0.000010 0.000010 0.000010 0.000010 0.251980
0.000010 0.000010 0.000010 0.000010 0.000010 0.000010 0.000010 0.227003 0.000010 0.000010 0.772907
0.000010 0.000010 0.000010 0.000010 0.000010 0.000010 0.000010 0.000010 0.000010 0.000010 0.999900
0.206591 0.000010 0.000010 0.000010 0.000010 0.000010 0.000010 0.315986 0.000010 0.000010 0.477343
0.568883 0.000010 0.000010 0.000010 0.000010 0.000010 0.005168 0.000010 0.000010 0.000010 0.425869
0.999900 0.000010 0.000010 0.000010 0.000010 0.000010 0.000010 0.000010 0.000010 0.000010 0.000010
0.999900 0.000010 0.000010 0.000010 0.000010 0.000010 0.000010 0.000010 0.000010 0.000010 0.000010
0.000010 0.000010 0.000010 0.000010 0.000010 0.000010 0.000010 0.000010 0.000010 0.000010 0.999900
0.000010 0.000010 0.000010 0.000010 0.000010 0.000010 0.000010 0.000010 0.000010 0.000010 0.999900
0.999900 0.000010 0.000010 0.000010 0.000010 0.000010 0.000010 0.000010 0.000010 0.000010 0.000010
0.434000 0.000010 0.000010 0.000017 0.000011 0.000012 0.000014 0.000010 0.000010 0.000010 0.565896
0.000010 0.000010 0.000010 0.000010 0.000010 0.000010 0.000010 0.999900 0.000010 0.000010 0.000010
0.000010 0.000010 0.000010 0.000010 0.000010 0.000010 0.000010 0.000010 0.000010 0.000010 0.999900
0.554237 0.000010 0.000010 0.000010 0.000010 0.000010 0.000010 0.167253 0.000010 0.000010 0.278430
0.275315 0.000010 0.000010 0.000010 0.000010 0.000010 0.000010 0.188523 0.000010 0.000010 0.536082
0.429898 0.000012 0.000011 0.000014 0.000014 0.000012 0.000013 0.569987 0.000013 0.000016 0.000010
0.999900 0.000010 0.000010 0.000010 0.000010 0.000010 0.000010 0.000010 0.000010 0.000010 0.000010
0.000010 0.000010 0.000010 0.000010 0.000010 0.000010 0.000010 0.000010 0.000010 0.000010 0.999900
0.450516 0.000010 0.000013 0.000010 0.000010 0.000010 0.000011 0.381357 0.000010 0.000010 0.168043
0.432140 0.000010 0.000010 0.011836 0.000010 0.000010 0.000010 0.242951 0.000010 0.000010 0.313004
0.000010 0.000010 0.000010 0.000010 0.000010 0.000010 0.000010 0.999900 0.000010 0.000010 0.000010
0.000010 0.000010 0.000010 0.000010 0.000010 0.000010 0.000010 0.000010 0.000010 0.000010 0.999900
0.315501 0.000010 0.000010 0.000010 0.000010 0.000010 0.000010 0.000010 0.000010 0.000010 0.684409
0.000013 0.000010 0.000010 0.000010 0.000010 0.000010 0.000010 0.999897 0.000010 0.000010 0.000010
0.781212 0.000010 0.000010 0.000010 0.000010 0.000010 0.000010 0.218698 0.000010 0.000010 0.000010
