0.007157 0.018484 0.901856 0.001300 0.045258 0.004826 0.021110 0.000010
0.001852 0.009091 0.937258 0.000010 0.013268 0.000010 0.038501 0.000010
0.000499 0.000010 0.990396 0.000010 0.009055 0.000010 0.000010 0.000010
0.014943 0.041772 0.812606 0.000010 0.094524 0.005857 0.024484 0.005804
0.009128 0.030328 0.888035 0.000010 0.037509 0.006245 0.011322 0.017422
0.001389 0.005825 0.958018 0.000010 0.033267 0.001471 0.000010 0.000010
0.005708 0.042057 0.721579 0.000010 0.212898 0.005099 0.008569 0.004081
0.015543 0.093150 0.680888 0.000782 0.137301 0.000010 0.052911 0.019415
0.000010 0.000010 0.000010 0.000010 0.042211 0.678953 0.000010 0.278786
0.000010 0.000010 0.000010 0.003436 0.031524 0.708197 0.000010 0.256804
0.000010 0.000010 0.000010 0.031019 0.000010 0.782805 0.000010 0.186126
0.000010 0.000010 0.000010 0.055797 0.000010 0.840827 0.000010 0.103326
0.000010 0.000010 0.000010 0.169565 0.000010 0.830375 0.000010 0.000010
0.000010 0.000010 0.000010 0.078543 0.000010 0.865555 0.000010 0.055853
0.000010 0.000010 0.000010 0.249641 0.000010 0.750299 0.000010 0.000010
0.000010 0.000010 0.000010 0.023090 0.000010 0.806933 0.000010 0.169927
0.000010 0.000010 0.000010 0.120290 0.000010 0.879650 0.000010 0.000010
0.000010 0.000010 0.000010 0.128117 0.000010 0.871823 0.000010 0.000010
0.000010 0.000010 0.000010 0.105937 0.000010 0.894003 0.000010 0.000010
0.000010 0.029079 0.000010 0.000010 0.050344 0.591750 0.000010 0.328786
0.000010 0.000010 0.000010 0.130002 0.000010 0.869938 0.000010 0.000010
0.000010 0.000010 0.000010 0.000010 0.000010 0.763563 0.000010 0.236377
0.000010 0.000010 0.000010 0.122355 0.000010 0.877585 0.000010 0.000010
0.000010 0.000010 0.000010 0.023643 0.000010 0.792333 0.000010 0.183974
0.000010 0.000010 0.000010 0.000010 0.061216 0.630046 0.000010 0.308688
0.000012 0.000010 0.000010 0.260218 0.000010 0.739720 0.000010 0.000010
0.000010 0.000010 0.000010 0.111969 0.000010 0.887971 0.000010 0.000010
0.000010 0.000010 0.000010 0.119046 0.000010 0.880894 0.000010 0.000010
0.000010 0.000010 0.000010 0.234068 0.000010 0.765872 0.000010 0.000010
0.000010 0.000010 0.000010 0.000010 0.000014 0.735329 0.000010 0.264607
0.000010 0.000010 0.000010 0.093190 0.000010 0.906750 0.000010 0.000010
0.000010 0.000010 0.000010 0.158837 0.000010 0.841103 0.000010 0.000010
0.000010 0.000010 0.000010 0.182542 0.000010 0.817398 0.000010 0.000010
0.000010 0.000010 0.000010 0.229459 0.000010 0.770481 0.000010 0.000010
0.000010 0.000010 0.000010 0.000010 0.000010 0.510391 0.000010 0.489549
0.000010 0.000010 0.000010 0.000010 0.000010 0.512513 0.000010 0.487427
0.000010 0.000010 0.000010 0.000010 0.000010 0.553300 0.000010 0.446640
0.000314 0.156905 0.000010 0.030190 0.229786 0.288187 0.000010 0.294599
0.002414 0.167286 0.000010 0.044836 0.222466 0.290584 0.000010 0.272394
0.000010 0.053485 0.000010 0.002061 0.461128 0.313626 0.039064 0.130616
0.000010 0.050452 0.000010 0.000010 0.346941 0.355314 0.021733 0.225530
0.000010 0.000010 0.000010 0.198388 0.000010 0.801552 0.000010 0.000010
0.000010 0.000010 0.000010 0.027999 0.000010 0.906386 0.000010 0.065565
0.000010 0.000010 0.000010 0.000010 0.000010 0.470246 0.000010 0.529694
0.000010 0.000010 0.000010 0.000010 0.000010 0.475723 0.000010 0.524217
0.001525 0.173574 0.000010 0.032842 0.236280 0.288729 0.000010 0.267030
0.000010 0.160855 0.000010 0.022196 0.215812 0.319625 0.000010 0.281483
0.006925 0.164819 0.000010 0.016898 0.215056 0.296836 0.000010 0.299446
0.002858 0.016426 0.000010 0.000010 0.144202 0.510313 0.000010 0.326171
0.000010 0.000010 0.000010 0.000010 0.024508 0.630403 0.002044 0.343006
0.000010 0.000010 0.000010 0.239348 0.000010 0.760592 0.000010 0.000010
0.000010 0.000010 0.000010 0.041775 0.000010 0.894952 0.000010 0.063223
0.000010 0.000010 0.000010 0.043161 0.000010 0.946224 0.000010 0.010565
0.000010 0.000010 0.000010 0.000010 0.000010 0.478313 0.000010 0.521627
0.004838 0.160310 0.000010 0.032862 0.226600 0.301079 0.000010 0.274291
0.000010 0.159911 0.000010 0.039801 0.226615 0.304864 0.000010 0.268779
0.000010 0.133343 0.000010 0.037608 0.224149 0.304592 0.000010 0.300278
0.000010 0.001270 0.000010 0.000010 0.022717 0.578435 0.000856 0.396692
0.002826 0.104433 0.002656 0.000010 0.542270 0.186635 0.010099 0.151071
0.000010 0.000010 0.000010 0.000010 0.000010 0.465227 0.000010 0.534713
0.000010 0.000010 0.000010 0.000010 0.000010 0.520383 0.000010 0.479557
0.000010 0.000010 0.000010 0.000010 0.000010 0.509738 0.000010 0.490202
0.000010 0.162317 0.000010 0.021368 0.236156 0.293206 0.000010 0.286924
0.000010 0.158523 0.000010 0.026311 0.229811 0.294838 0.000010 0.290488
0.000010 0.188340 0.000010 0.020815 0.219603 0.306802 0.000010 0.264411
0.000010 0.039722 0.000769 0.000010 0.274652 0.391668 0.013525 0.279645
0.000010 0.058166 0.000010 0.280581 0.255677 0.383852 0.000010 0.021694
0.000010 0.000010 0.000010 0.238210 0.000010 0.761730 0.000010 0.000010
0.000010 0.000010 0.000010 0.054171 0.000010 0.944263 0.000010 0.001515
0.000010 0.000010 0.000010 0.000010 0.000010 0.458412 0.000010 0.541528
0.000010 0.000010 0.000010 0.000010 0.000010 0.467460 0.000010 0.532480
0.000567 0.143990 0.000232 0.012060 0.211519 0.326597 0.000010 0.305024
0.000010 0.158292 0.000010 0.029108 0.236820 0.287099 0.000010 0.288651
0.000010 0.070566 0.000010 0.000010 0.390720 0.325895 0.041054 0.171736
0.000010 0.022877 0.000010 0.000010 0.122222 0.521670 0.008599 0.324602
0.000010 0.000010 0.000010 0.250753 0.000010 0.749187 0.000010 0.000010
0.000010 0.000010 0.000010 0.038329 0.000010 0.950595 0.000010 0.011026
0.000010 0.000010 0.000010 0.004318 0.000010 0.410248 0.000010 0.585385
0.001467 0.155445 0.000010 0.021008 0.248743 0.311159 0.000010 0.262159
0.000010 0.154803 0.000010 0.025894 0.226439 0.295520 0.000010 0.297314
0.000010 0.147683 0.000010 0.021826 0.213890 0.316756 0.000010 0.299815
0.000704 0.158924 0.000010 0.032379 0.278482 0.273337 0.000010 0.256155
0.001056 0.064453 0.000010 0.000010 0.397801 0.359798 0.029171 0.147701
0.000010 0.017053 0.000010 0.000010 0.085468 0.533939 0.000010 0.363500
0.000010 0.083416 0.000010 0.221227 0.361513 0.307733 0.021003 0.005088
0.000010 0.000010 0.000010 0.147820 0.000010 0.852120 0.000010 0.000010
0.002467 0.000010 0.000010 0.054830 0.000010 0.918942 0.000010 0.023721
0.000010 0.000010 0.000010 0.076682 0.000010 0.790659 0.000010 0.132609
0.000010 0.000010 0.000010 0.000010 0.000010 0.515263 0.000010 0.484677
0.000010 0.000010 0.000010 0.000010 0.000010 0.503551 0.000010 0.496389
0.000010 0.146794 0.000010 0.030730 0.286295 0.264353 0.000010 0.271798
0.000010 0.184762 0.000010 0.018523 0.255667 0.292519 0.000010 0.248498
0.000010 0.142459 0.000010 0.035828 0.239014 0.293194 0.000010 0.289475
0.000010 0.049804 0.000010 0.000010 0.452580 0.331250 0.027409 0.138926
0.000010 0.056718 0.000010 0.000010 0.343516 0.339881 0.081458 0.178398
0.002496 0.084804 0.000132 0.159101 0.413313 0.305346 0.011190 0.023618
0.000010 0.000010 0.000010 0.205331 0.000010 0.794609 0.000010 0.000010
0.000010 0.000010 0.000010 0.046096 0.000010 0.953844 0.000010 0.000010
0.001288 0.000010 0.000010 0.042429 0.000010 0.811242 0.000010 0.145002
0.000010 0.176306 0.000010 0.025817 0.273647 0.282939 0.000010 0.241262
0.004733 0.143523 0.000010 0.030767 0.234849 0.305103 0.000010 0.281006
0.003309 0.048344 0.000010 0.000033 0.398179 0.410670 0.010287 0.129169
0.006799 0.049411 0.000010 0.000010 0.391140 0.346416 0.012358 0.193857
0.001320 0.086256 0.000010 0.131514 0.534524 0.197565 0.023971 0.024840
0.000010 0.000010 0.000010 0.249554 0.000010 0.750386 0.000010 0.000010
0.000010 0.000010 0.000010 0.046457 0.000010 0.953483 0.000010 0.000010
0.029586 0.695867 0.014102 0.006573 0.032725 0.000010 0.189117 0.032019
0.030563 0.715226 0.005859 0.000010 0.017424 0.003153 0.196975 0.030790
0.025619 0.697112 0.011207 0.010754 0.012576 0.016820 0.199820 0.026094
0.016222 0.725571 0.008418 0.000010 0.012096 0.000010 0.196573 0.041101
0.016150 0.715869 0.005046 0.001605 0.015662 0.003241 0.201473 0.040954
0.024962 0.720140 0.005400 0.000010 0.002838 0.004581 0.213350 0.028719
0.030095 0.714669 0.004366 0.003948 0.023764 0.000010 0.196813 0.026335
0.026397 0.631751 0.010559 0.019438 0.072153 0.003251 0.190395 0.046056
0.036851 0.700104 0.033165 0.000633 0.026282 0.001114 0.187768 0.014081
0.022181 0.721378 0.010166 0.009690 0.000010 0.010423 0.213375 0.012777
0.024904 0.721266 0.002396 0.008039 0.026250 0.000010 0.188547 0.028587
0.031181 0.685624 0.028206 0.007839 0.040857 0.000010 0.171896 0.034388
0.025432 0.705455 0.013466 0.007934 0.046180 0.001542 0.165389 0.034603
0.028073 0.701217 0.002416 0.003580 0.027148 0.000010 0.207333 0.030224
0.025668 0.728303 0.020238 0.005176 0.000010 0.000010 0.179779 0.040816
0.025300 0.686374 0.001465 0.002665 0.053715 0.001533 0.185605 0.043342
0.043575 0.693745 0.032611 0.005624 0.030254 0.004850 0.136689 0.052652
0.030397 0.672367 0.039463 0.004637 0.035477 0.006071 0.189768 0.021821
0.026925 0.708773 0.002463 0.005176 0.033158 0.003836 0.189738 0.029930
0.027149 0.632510 0.053536 0.003590 0.042183 0.000010 0.219778 0.021243
0.025903 0.698914 0.014340 0.005777 0.040590 0.002672 0.184323 0.027480
0.027800 0.716907 0.001957 0.002641 0.022315 0.000010 0.194573 0.033798
0.021545 0.691675 0.000010 0.001266 0.060460 0.000435 0.203210 0.021400
0.043257 0.701625 0.007113 0.000010 0.015638 0.014734 0.147616 0.070007
0.036007 0.717749 0.007293 0.000010 0.039721 0.015230 0.149904 0.034088
0.028859 0.662333 0.021802 0.000010 0.024629 0.000010 0.238343 0.024014
0.017938 0.673186 0.009188 0.005819 0.018113 0.003763 0.249156 0.022838
0.023890 0.704530 0.007361 0.011649 0.036114 0.000010 0.185470 0.030976
0.026236 0.641918 0.003838 0.000010 0.060723 0.030418 0.172421 0.064437
0.025213 0.709202 0.004374 0.017779 0.040981 0.000010 0.183028 0.019412
0.020348 0.709197 0.004410 0.002332 0.005795 0.000010 0.225654 0.032253
0.012493 0.636836 0.049874 0.000010 0.056255 0.016094 0.206140 0.022298
0.013448 0.693443 0.014089 0.005368 0.015302 0.004259 0.221950 0.032140
0.028719 0.672030 0.000010 0.010233 0.096972 0.001362 0.161997 0.028676
0.021192 0.725206 0.002631 0.000984 0.021966 0.013715 0.204464 0.009842
0.018835 0.698625 0.012077 0.007227 0.027043 0.000010 0.202505 0.033678
0.025049 0.714434 0.025225 0.000010 0.019256 0.009591 0.154583 0.051851
0.038610 0.726392 0.013851 0.000010 0.000010 0.000010 0.168344 0.052773
0.027455 0.693247 0.015318 0.006040 0.046313 0.008137 0.164174 0.039316
0.020937 0.723096 0.019295 0.000010 0.023978 0.000010 0.163908 0.048766
0.023225 0.669421 0.046173 0.000010 0.043402 0.008692 0.163358 0.045721
0.002418 0.254877 0.000010 0.011499 0.110065 0.167201 0.097789 0.356141
0.008761 0.254974 0.002533 0.009424 0.121286 0.178318 0.067533 0.357171
0.013116 0.262612 0.000010 0.002622 0.161815 0.142515 0.069299 0.348010
0.016352 0.278011 0.000746 0.011661 0.122465 0.169704 0.076382 0.324680
0.009276 0.297243 0.002227 0.007116 0.116207 0.123462 0.094325 0.350144
0.013575 0.260931 0.000010 0.011593 0.142159 0.170873 0.054301 0.346557
0.008213 0.261722 0.003370 0.013896 0.124257 0.158211 0.078787 0.351544
0.014706 0.298384 0.003570 0.000010 0.115167 0.149753 0.083681 0.334730
0.000010 0.283667 0.000564 0.001289 0.126085 0.162265 0.090612 0.335508
0.007041 0.283213 0.000010 0.000010 0.109270 0.157033 0.073118 0.370305
0.015784 0.282887 0.000010 0.000010 0.113592 0.155224 0.074180 0.358313
0.012052 0.289412 0.000010 0.008638 0.144906 0.146151 0.067457 0.331375
0.010574 0.275503 0.000010 0.000010 0.118620 0.143129 0.080935 0.371219
0.000279 0.247541 0.007271 0.007690 0.134915 0.177740 0.078183 0.346382
0.025469 0.669373 0.026800 0.009346 0.011681 0.000010 0.238728 0.018592
0.014942 0.701332 0.015680 0.000010 0.013868 0.011030 0.230928 0.012210
0.022765 0.639449 0.058910 0.000010 0.012906 0.009814 0.240388 0.015758
0.020774 0.686132 0.008468 0.000010 0.035477 0.009111 0.219239 0.020789
0.020712 0.660194 0.043532 0.000010 0.012977 0.000010 0.220993 0.041573
0.028138 0.679611 0.025253 0.009837 0.017885 0.001083 0.228028 0.010165
0.026654 0.618091 0.060795 0.011803 0.049299 0.000010 0.194811 0.038537
0.009648 0.637727 0.051358 0.002655 0.044024 0.000010 0.223220 0.031359
0.023396 0.682429 0.030881 0.002289 0.007482 0.002002 0.232784 0.018736
0.015323 0.654234 0.052454 0.011421 0.024192 0.000010 0.219849 0.022517
0.019685 0.652360 0.027904 0.000091 0.041809 0.003688 0.234907 0.019556
0.017696 0.667839 0.043220 0.000010 0.000010 0.010566 0.240600 0.020059
0.031163 0.650132 0.052988 0.009419 0.011631 0.000010 0.226132 0.018524
0.015779 0.622408 0.081003 0.000010 0.016785 0.000010 0.231108 0.032896
0.021144 0.689871 0.038119 0.006269 0.000010 0.002922 0.229101 0.012564
0.014960 0.666095 0.017771 0.000010 0.033503 0.013031 0.237936 0.016694
0.017691 0.678303 0.043349 0.000010 0.009087 0.000010 0.232368 0.019182
0.028267 0.700077 0.004767 0.013652 0.010290 0.000010 0.224452 0.018484
0.015522 0.686811 0.022187 0.000010 0.022403 0.008832 0.214205 0.030030
0.015207 0.681541 0.041820 0.001607 0.000010 0.004403 0.225039 0.030373
0.049202 0.711935 0.013808 0.006757 0.022523 0.009195 0.104128 0.082452
0.049099 0.721218 0.011845 0.003110 0.039568 0.009711 0.079888 0.085561
0.046564 0.699721 0.002937 0.015766 0.081749 0.000010 0.072480 0.080774
0.051179 0.746737 0.005049 0.005687 0.017337 0.004276 0.104004 0.065732
0.045128 0.720156 0.003605 0.010023 0.049068 0.000010 0.086358 0.085652
0.056045 0.695303 0.011080 0.013306 0.053163 0.000010 0.092039 0.079055
0.042938 0.671329 0.009181 0.008517 0.085099 0.008357 0.108199 0.066380
0.036467 0.717337 0.006023 0.007350 0.066264 0.015547 0.080531 0.070481
0.049711 0.698450 0.003898 0.013295 0.059686 0.003244 0.092198 0.079518
0.033903 0.683185 0.000010 0.007713 0.095589 0.000010 0.087595 0.091995
0.044236 0.728662 0.021123 0.012655 0.053528 0.000010 0.057924 0.081862
0.051343 0.728065 0.006003 0.014439 0.012142 0.009750 0.091610 0.086648
0.039276 0.686449 0.003704 0.008548 0.066996 0.012672 0.103243 0.079113
0.041508 0.677162 0.010875 0.011569 0.089662 0.022843 0.079040 0.067341
0.038701 0.701739 0.011746 0.002622 0.076142 0.000010 0.084578 0.084462
0.044293 0.699876 0.012343 0.011303 0.041846 0.007012 0.076361 0.106966
0.046451 0.665930 0.014567 0.010380 0.091033 0.006523 0.079992 0.085125
0.046319 0.699650 0.007498 0.016226 0.047049 0.002803 0.097642 0.082813
0.039512 0.630552 0.000010 0.011572 0.148241 0.017250 0.108770 0.044093
0.034559 0.630869 0.004144 0.014170 0.110507 0.009531 0.115521 0.080700
0.029984 0.628302 0.000010 0.002262 0.146543 0.027148 0.106213 0.059538
0.042379 0.677879 0.000735 0.013849 0.107578 0.002234 0.081312 0.074033
0.031731 0.630368 0.000010 0.012201 0.147343 0.012281 0.105658 0.060408
0.036269 0.616661 0.002406 0.017932 0.111678 0.020916 0.129108 0.065030
0.037535 0.664014 0.009582 0.008543 0.098646 0.016895 0.091154 0.073631
0.042592 0.658668 0.006444 0.017888 0.124689 0.005698 0.074179 0.069843
0.041496 0.708797 0.004355 0.008936 0.086522 0.004329 0.066308 0.079257
0.036228 0.643892 0.000010 0.009204 0.149780 0.011775 0.100969 0.048142
0.020405 0.652416 0.003890 0.007926 0.121924 0.016268 0.130944 0.046226
0.036048 0.636556 0.002838 0.015483 0.114596 0.011638 0.104151 0.078691
0.036138 0.669653 0.005230 0.001385 0.096621 0.029360 0.096877 0.064737
0.047867 0.675967 0.005472 0.008437 0.089870 0.017587 0.087500 0.067300
0.025847 0.641594 0.000996 0.008776 0.139981 0.018358 0.112891 0.051557
0.049346 0.671513 0.004325 0.007384 0.090313 0.019532 0.070577 0.087010
0.021919 0.652706 0.004983 0.009563 0.138967 0.015622 0.096498 0.059742
0.033091 0.641703 0.003329 0.007442 0.117676 0.011304 0.115636 0.069819
0.035867 0.647670 0.003206 0.024567 0.111179 0.004241 0.097864 0.075406
0.018902 0.846971 0.000010 0.001569 0.086777 0.019497 0.000010 0.026264
0.024684 0.822395 0.000010 0.010287 0.096870 0.000936 0.007960 0.036858
0.025068 0.803683 0.001583 0.000010 0.116150 0.010655 0.000010 0.042840
0.025011 0.811141 0.000010 0.000793 0.120171 0.012422 0.000010 0.030442
0.021924 0.844769 0.000010 0.011888 0.082005 0.008391 0.000010 0.031003
0.030889 0.841527 0.000010 0.012011 0.085088 0.000010 0.000010 0.030456
0.028651 0.810273 0.000010 0.009080 0.102973 0.000010 0.001112 0.047891
0.027485 0.800598 0.000010 0.000704 0.108676 0.013528 0.008227 0.040771
0.028745 0.795075 0.000010 0.003870 0.119817 0.011736 0.000010 0.040737
0.027107 0.778412 0.000010 0.015326 0.129996 0.005486 0.004300 0.039363
0.023412 0.797608 0.000010 0.003896 0.115577 0.015247 0.000010 0.044240
0.027859 0.847353 0.000010 0.010049 0.073354 0.000642 0.000010 0.040724
0.027808 0.795240 0.000010 0.004196 0.121471 0.000010 0.002001 0.049265
0.020919 0.842239 0.000010 0.000010 0.089413 0.004691 0.000010 0.042707
0.023212 0.823137 0.000010 0.010838 0.093629 0.000010 0.016555 0.032609
0.017995 0.853469 0.000010 0.013033 0.085465 0.012593 0.000010 0.017425
0.027056 0.837449 0.000010 0.000010 0.083062 0.011292 0.000010 0.041111
0.033078 0.813254 0.000010 0.009457 0.106509 0.001662 0.000010 0.036020
0.043515 0.623472 0.006766 0.011326 0.092148 0.030903 0.033217 0.158652
0.036659 0.602530 0.004389 0.012670 0.106500 0.038508 0.071318 0.127425
0.043764 0.630552 0.009486 0.015236 0.096080 0.037501 0.037744 0.129637
0.036692 0.634089 0.002352 0.003324 0.077891 0.027006 0.061566 0.157080
0.030877 0.638718 0.005827 0.018141 0.068833 0.021940 0.074977 0.140686
0.038705 0.631490 0.001493 0.011167 0.108606 0.024330 0.042171 0.142038
0.040752 0.646762 0.003526 0.021442 0.066713 0.010771 0.063054 0.146980
0.040676 0.626702 0.000010 0.006070 0.102263 0.033075 0.058075 0.133128
0.042351 0.611793 0.005972 0.014427 0.112935 0.040918 0.035246 0.136359
0.038650 0.640100 0.000010 0.012673 0.083614 0.029695 0.048592 0.146666
0.039989 0.608673 0.003216 0.025559 0.101767 0.018160 0.057633 0.145004
0.039401 0.667327 0.005268 0.007207 0.061819 0.016066 0.065011 0.137901
0.035676 0.644523 0.000010 0.013601 0.095790 0.022845 0.045494 0.142061
0.029636 0.617442 0.002407 0.016314 0.109204 0.028569 0.051552 0.144877
0.042818 0.622775 0.000252 0.010558 0.089198 0.028602 0.045322 0.160474
0.040198 0.619990 0.000343 0.014376 0.104245 0.032266 0.053578 0.135005
0.037842 0.635208 0.006779 0.020386 0.094190 0.025256 0.045994 0.134345
0.032516 0.618455 0.003424 0.009384 0.092241 0.034210 0.065113 0.144656
0.031822 0.623011 0.000010 0.002215 0.123473 0.031405 0.053465 0.134599
0.036637 0.652845 0.003163 0.014747 0.107279 0.024039 0.039768 0.121521
0.033283 0.653538 0.000010 0.015399 0.098429 0.020897 0.039154 0.139290
0.036925 0.668908 0.000010 0.012850 0.076186 0.045878 0.048234 0.111009
0.036216 0.633586 0.000226 0.021017 0.087686 0.021836 0.059828 0.139604
0.000010 0.000010 0.999930 0.000010 0.000010 0.000010 0.000010 0.000010
0.000010 0.000010 0.999930 0.000010 0.000010 0.000010 0.000010 0.000010
0.000010 0.000010 0.999930 0.000010 0.000010 0.000010 0.000010 0.000010
0.000010 0.000010 0.999930 0.000010 0.000010 0.000010 0.000010 0.000010
0.000010 0.000010 0.999930 0.000010 0.000010 0.000010 0.000010 0.000010
0.000010 0.000010 0.999930 0.000010 0.000010 0.000010 0.000010 0.000010
0.000010 0.000010 0.999930 0.000010 0.000010 0.000010 0.000010 0.000010
0.000010 0.000010 0.999930 0.000010 0.000010 0.000010 0.000010 0.000010
0.000010 0.000010 0.999930 0.000010 0.000010 0.000010 0.000010 0.000010
0.000010 0.000010 0.999930 0.000010 0.000010 0.000010 0.000010 0.000010
0.000010 0.000010 0.999930 0.000010 0.000010 0.000010 0.000010 0.000010
0.000010 0.000010 0.999930 0.000010 0.000010 0.000010 0.000010 0.000010
0.000010 0.000010 0.999930 0.000010 0.000010 0.000010 0.000010 0.000010
0.000010 0.000010 0.999930 0.000010 0.000010 0.000010 0.000010 0.000010
0.000010 0.000010 0.999930 0.000010 0.000010 0.000010 0.000010 0.000010
0.000010 0.000010 0.999930 0.000010 0.000010 0.000010 0.000010 0.000010
0.000010 0.000010 0.999930 0.000010 0.000010 0.000010 0.000010 0.000010
0.000010 0.000010 0.999930 0.000010 0.000010 0.000010 0.000010 0.000010
0.000010 0.000010 0.999930 0.000010 0.000010 0.000010 0.000010 0.000010
0.000010 0.000010 0.999930 0.000010 0.000010 0.000010 0.000010 0.000010
0.000010 0.000010 0.999930 0.000010 0.000010 0.000010 0.000010 0.000010
0.000010 0.000010 0.999930 0.000010 0.000010 0.000010 0.000010 0.000010
0.000010 0.098186 0.000010 0.003818 0.711516 0.000010 0.186441 0.000010
0.003509 0.092315 0.000010 0.003966 0.663618 0.000043 0.236528 0.000010
0.001302 0.093289 0.004808 0.007783 0.668999 0.000942 0.222866 0.000010
0.005069 0.102951 0.000010 0.004385 0.707087 0.006871 0.173618 0.000010
0.000010 0.087569 0.000648 0.001073 0.722742 0.000010 0.187938 0.000010
0.000876 0.117481 0.000010 0.002946 0.657211 0.000775 0.220691 0.000010
0.000010 0.088140 0.003097 0.003067 0.691642 0.002443 0.211589 0.000010
0.005573 0.075209 0.000010 0.000010 0.714187 0.000010 0.204992 0.000010
0.005976 0.105711 0.000819 0.000326 0.748136 0.000010 0.139013 0.000010
0.000010 0.088954 0.000010 0.000451 0.700043 0.000010 0.210512 0.000010
0.000010 0.076698 0.000010 0.006705 0.719064 0.004827 0.192676 0.000010
0.000010 0.068689 0.001899 0.004905 0.675348 0.000010 0.249128 0.000010
0.000010 0.078626 0.005813 0.011033 0.690472 0.000010 0.214026 0.000010
0.002735 0.106468 0.000010 0.000010 0.707908 0.000010 0.182849 0.000010
0.005264 0.102055 0.001341 0.000010 0.693608 0.005558 0.192154 0.000010
0.008339 0.107045 0.004416 0.000781 0.704007 0.000010 0.175392 0.000010
0.005485 0.097086 0.003355 0.004205 0.676361 0.000010 0.211837 0.001661
0.001960 0.027311 0.002319 0.000010 0.721539 0.001918 0.244933 0.000010
0.000010 0.123923 0.000010 0.005141 0.742748 0.001227 0.126931 0.000010
0.001537 0.070024 0.003884 0.004739 0.715127 0.000010 0.198233 0.006447
0.000010 0.112521 0.000010 0.001369 0.731859 0.000010 0.154211 0.000010
0.006076 0.071345 0.007457 0.000010 0.642081 0.000010 0.264476 0.008545
0.002422 0.073612 0.000010 0.005436 0.688948 0.000010 0.229552 0.000010
0.000184 0.083185 0.000659 0.000010 0.692761 0.000010 0.223181 0.000010
0.003841 0.058037 0.005425 0.000010 0.692112 0.004631 0.233716 0.002229
0.999905 0.000017 0.000010 0.000019 0.000010 0.000010 0.000019 0.000010
0.999930 0.000010 0.000010 0.000010 0.000010 0.000010 0.000010 0.000010
0.999930 0.000010 0.000010 0.000010 0.000010 0.000010 0.000010 0.000010
0.999930 0.000010 0.000010 0.000010 0.000010 0.000010 0.000010 0.000010
0.999930 0.000010 0.000010 0.000010 0.000010 0.000010 0.000010 0.000010
0.999929 0.000011 0.000010 0.000010 0.000010 0.000010 0.000010 0.000010
0.999930 0.000010 0.000010 0.000010 0.000010 0.000010 0.000010 0.000010
0.999923 0.000017 0.000010 0.000010 0.000010 0.000010 0.000010 0.000010
0.999930 0.000010 0.000010 0.000010 0.000010 0.000010 0.000010 0.000010
0.999930 0.000010 0.000010 0.000010 0.000010 0.000010 0.000010 0.000010
0.999930 0.000010 0.000010 0.000010 0.000010 0.000010 0.000010 0.000010
0.999930 0.000010 0.000010 0.000010 0.000010 0.000010 0.000010 0.000010
0.999930 0.000010 0.000010 0.000010 0.000010 0.000010 0.000010 0.000010
0.999930 0.000010 0.000010 0.000010 0.000010 0.000010 0.000010 0.000010
0.002620 0.252555 0.009737 0.000010 0.140438 0.000010 0.594620 0.000010
0.000010 0.271307 0.012175 0.000010 0.118547 0.000010 0.597931 0.000010
0.000010 0.250775 0.019014 0.000010 0.165090 0.001065 0.563886 0.000150
0.005403 0.277928 0.007377 0.000010 0.110303 0.000010 0.598959 0.000010
0.000010 0.254748 0.020008 0.003537 0.148717 0.000010 0.572960 0.000010
0.002244 0.252132 0.015412 0.000010 0.145602 0.000010 0.584579 0.000010
0.003580 0.258841 0.020352 0.000010 0.140883 0.000010 0.576314 0.000010
0.000010 0.268110 0.013068 0.000010 0.128334 0.000010 0.590449 0.000010
0.000010 0.256671 0.021638 0.000010 0.124995 0.000010 0.596656 0.000010
0.000010 0.247160 0.018097 0.000010 0.146897 0.000182 0.578484 0.009160
0.002170 0.260125 0.019485 0.000010 0.114156 0.000010 0.604034 0.000010
0.000010 0.300168 0.009066 0.002529 0.109154 0.001285 0.577778 0.000010
0.000010 0.242709 0.019686 0.001061 0.167232 0.000010 0.569281 0.000010
0.000223 0.270933 0.008402 0.000010 0.144054 0.002512 0.573856 0.000010
0.000010 0.288419 0.021203 0.000010 0.106918 0.000010 0.583420 0.000010
0.000010 0.268425 0.022284 0.002580 0.148908 0.001156 0.556628 0.000010
0.000010 0.283738 0.009684 0.001810 0.098571 0.000010 0.606167 0.000010
0.002652 0.261802 0.013692 0.000010 0.143265 0.000010 0.578560 0.000010
0.005443 0.246834 0.021888 0.007181 0.127872 0.000017 0.590755 0.000010
0.003518 0.236735 0.021372 0.000010 0.137512 0.000010 0.594062 0.006781
0.002971 0.219878 0.014291 0.001035 0.145474 0.000010 0.616331 0.000010
0.007557 0.250804 0.020768 0.000010 0.156229 0.000010 0.564612 0.000010
0.000010 0.250256 0.025269 0.006243 0.153303 0.000010 0.564898 0.000010
0.000010 0.272539 0.010351 0.000010 0.116801 0.000451 0.599828 0.000010
0.000010 0.263281 0.023293 0.000916 0.149733 0.001979 0.560777 0.000010
0.000010 0.246787 0.023375 0.000010 0.150643 0.000010 0.579155 0.000010
0.002242 0.250605 0.015488 0.000010 0.178347 0.000010 0.553287 0.000010
0.007201 0.272796 0.022641 0.000010 0.100294 0.000010 0.597037 0.000010
0.001982 0.264847 0.016603 0.001172 0.149152 0.000010 0.566224 0.000010
0.000010 0.239655 0.018997 0.000010 0.142172 0.000010 0.595621 0.003525
0.004073 0.279971 0.010697 0.000861 0.140899 0.000010 0.563479 0.000010
0.003019 0.238004 0.009791 0.005262 0.151877 0.000010 0.592027 0.000010
0.000010 0.252396 0.027762 0.000010 0.134506 0.000010 0.585296 0.000010
0.000573 0.278388 0.007317 0.000010 0.152373 0.000010 0.561320 0.000010
0.005046 0.262357 0.014374 0.000010 0.151156 0.000010 0.567037 0.000010
0.002055 0.259372 0.016349 0.000010 0.130735 0.000010 0.591459 0.000010
0.000596 0.244107 0.015492 0.000010 0.181154 0.000010 0.556617 0.002014
0.000010 0.267627 0.007649 0.000010 0.121379 0.000010 0.603306 0.000010
0.003697 0.243621 0.022855 0.000010 0.167431 0.000010 0.562367 0.000010
0.005206 0.113638 0.075415 0.006366 0.000010 0.001214 0.798141 0.000010
0.000010 0.147310 0.063278 0.000010 0.031432 0.002435 0.755515 0.000010
0.000010 0.178936 0.107712 0.010328 0.106105 0.000010 0.592107 0.004792
0.003076 0.096149 0.056768 0.005019 0.000010 0.003247 0.835722 0.000010
0.000010 0.140513 0.167033 0.000010 0.109924 0.000207 0.573673 0.008631
0.000010 0.095194 0.043628 0.002059 0.000010 0.000010 0.857840 0.001249
0.000039 0.241911 0.084386 0.010816 0.092161 0.000010 0.569383 0.001295
0.004599 0.214681 0.089888 0.000010 0.080301 0.000010 0.607618 0.002893
0.003757 0.206386 0.067086 0.013215 0.073977 0.004547 0.631021 0.000010
0.004013 0.092206 0.050855 0.003737 0.000010 0.008430 0.840740 0.000010
0.000010 0.092620 0.049514 0.011565 0.000010 0.000010 0.846261 0.000010
0.000219 0.190112 0.081924 0.000010 0.112956 0.000010 0.614759 0.000010
0.000010 0.172275 0.129688 0.004513 0.074664 0.000010 0.611315 0.007524
0.001765 0.186746 0.085226 0.001942 0.083635 0.006233 0.632730 0.001723
0.000010 0.110003 0.068922 0.004689 0.000010 0.000010 0.816347 0.000010
0.001930 0.115377 0.076486 0.002887 0.000010 0.000010 0.802834 0.000466
0.000010 0.208880 0.074150 0.008812 0.090343 0.000233 0.610340 0.007232
0.004935 0.221274 0.075132 0.007247 0.085933 0.005610 0.599860 0.000010
0.003364 0.215108 0.083940 0.000010 0.087638 0.011280 0.598650 0.000010
0.012291 0.185772 0.091458 0.000010 0.123086 0.000010 0.587364 0.000010
0.000010 0.079803 0.058074 0.007968 0.000010 0.005751 0.848374 0.000010
0.000010 0.084364 0.049417 0.006864 0.000010 0.000010 0.859315 0.000010
0.001076 0.174387 0.145165 0.006236 0.078721 0.000010 0.591993 0.002412
0.000010 0.173853 0.129662 0.000010 0.106815 0.010337 0.579302 0.000010
0.004114 0.188905 0.105338 0.009453 0.113742 0.000010 0.578124 0.000313
0.007255 0.121172 0.063064 0.009362 0.000010 0.000010 0.799116 0.000010
0.003550 0.199850 0.094025 0.001942 0.082900 0.004399 0.609530 0.003804
0.000536 0.139487 0.137182 0.000010 0.105377 0.006969 0.610429 0.000010
0.002753 0.148312 0.073720 0.011791 0.057123 0.000010 0.706282 0.000010
0.002236 0.157770 0.145883 0.005413 0.095458 0.006530 0.586677 0.000034
0.000010 0.148992 0.062023 0.002201 0.000010 0.000422 0.786331 0.000010
0.007476 0.209302 0.070918 0.001952 0.070470 0.000010 0.639862 0.000010
0.002338 0.092537 0.044276 0.013161 0.000010 0.003686 0.843982 0.000010
0.009842 0.195837 0.072656 0.004324 0.097783 0.000010 0.617755 0.001793
0.000010 0.201173 0.107405 0.000859 0.101255 0.002800 0.581171 0.005328
0.000010 0.144931 0.171714 0.001448 0.082088 0.000023 0.599777 0.000010
0.001194 0.195972 0.079028 0.001144 0.088930 0.003317 0.622668 0.007748
0.001565 0.102563 0.060361 0.009239 0.000010 0.008284 0.817968 0.000010
0.001859 0.090064 0.044630 0.009747 0.000010 0.000010 0.853670 0.000010
0.000010 0.120478 0.054983 0.008498 0.000010 0.009683 0.806328 0.000010
0.000010 0.119234 0.065567 0.007836 0.000010 0.006601 0.800732 0.000010
0.000594 0.139890 0.049046 0.007315 0.000010 0.000010 0.802402 0.000732
0.001924 0.249685 0.054990 0.001115 0.110772 0.012510 0.568994 0.000010
0.801496 0.000010 0.000016 0.000010 0.000010 0.000010 0.000010 0.198438
0.800367 0.000010 0.000010 0.000010 0.000010 0.000010 0.000010 0.199573
0.804680 0.000010 0.000010 0.000010 0.000010 0.000010 0.000010 0.195260
0.799933 0.000010 0.000010 0.000564 0.000010 0.000010 0.000010 0.199454
0.772253 0.000010 0.000010 0.000010 0.000010 0.000010 0.000010 0.227687
0.818162 0.000010 0.000010 0.000010 0.000010 0.000010 0.000010 0.181778
0.803022 0.000010 0.000010 0.000010 0.000010 0.000010 0.000010 0.196918
0.000010 0.000010 0.000010 0.000010 0.533965 0.000010 0.465975 0.000010
0.000010 0.000010 0.001893 0.000010 0.571025 0.000010 0.427032 0.000010
0.000010 0.000010 0.003918 0.000010 0.534512 0.000010 0.461519 0.000010
0.000010 0.000010 0.000427 0.000010 0.548768 0.000010 0.450755 0.000010
0.000010 0.000010 0.002672 0.000010 0.533916 0.000010 0.463362 0.000010
0.000010 0.000010 0.000010 0.000010 0.554878 0.000010 0.445062 0.000010
0.000010 0.000010 0.000010 0.000010 0.533708 0.000010 0.466232 0.000010
0.000010 0.000010 0.004221 0.000013 0.530177 0.000010 0.465548 0.000010
0.000010 0.000010 0.002278 0.000010 0.556470 0.000010 0.441202 0.000010
0.008253 0.206749 0.052754 0.005215 0.120514 0.001239 0.605266 0.000010
0.003117 0.235434 0.060370 0.000010 0.111078 0.001117 0.588864 0.000010
0.003037 0.226086 0.059339 0.002469 0.101673 0.000882 0.606503 0.000010
0.000993 0.243626 0.051245 0.000010 0.112075 0.000010 0.592031 0.000010
0.006016 0.221827 0.096859 0.000010 0.078615 0.001676 0.590253 0.004743
0.002763 0.229319 0.076212 0.000010 0.084177 0.010569 0.592451 0.004500
0.014410 0.197514 0.067273 0.000010 0.112724 0.000010 0.606896 0.001164
0.000990 0.182758 0.105147 0.000010 0.083769 0.000010 0.622542 0.004773
0.000010 0.198756 0.093258 0.001473 0.120911 0.007705 0.575284 0.002602
0.000010 0.233583 0.046794 0.002097 0.094841 0.002688 0.619976 0.000010
0.006850 0.229412 0.057550 0.000010 0.128526 0.000010 0.576498 0.001144
0.001584 0.222883 0.058568 0.000010 0.114393 0.001536 0.601015 0.000010
0.006902 0.226365 0.053732 0.001659 0.102737 0.000012 0.608583 0.000010
0.000010 0.218947 0.075836 0.004201 0.111349 0.000010 0.586593 0.003053
0.000010 0.229921 0.065040 0.000010 0.112647 0.000010 0.592351 0.000010
0.000010 0.219925 0.063589 0.002801 0.134057 0.006198 0.573411 0.000010
0.000010 0.219310 0.053569 0.000010 0.114981 0.000010 0.610076 0.002035
0.000814 0.199059 0.077891 0.000010 0.128759 0.000010 0.593287 0.000169
0.000010 0.221163 0.072919 0.000010 0.134384 0.000019 0.571484 0.000010
0.000010 0.187319 0.090194 0.000010 0.122150 0.000856 0.592249 0.007212
0.002657 0.100144 0.047737 0.016225 0.000010 0.000010 0.833207 0.000010
0.000010 0.000010 0.000010 0.999930 0.000010 0.000010 0.000010 0.000010
0.000010 0.000010 0.000010 0.999930 0.000010 0.000010 0.000010 0.000010
0.000010 0.000010 0.000010 0.999930 0.000010 0.000010 0.000010 0.000010
0.047913 0.126159 0.005953 0.000010 0.002914 0.000010 0.000010 0.817032
0.036926 0.074003 0.002164 0.005126 0.000010 0.000010 0.006212 0.875549
0.056635 0.127607 0.003887 0.006864 0.000010 0.000010 0.009802 0.795186
0.037833 0.066638 0.014900 0.011996 0.001596 0.000010 0.000010 0.867017
0.056269 0.102155 0.016893 0.000362 0.000010 0.000010 0.000010 0.824290
0.039730 0.084724 0.005874 0.002356 0.003320 0.000010 0.000010 0.863976
0.055142 0.112278 0.004853 0.000010 0.000010 0.000010 0.004025 0.823672
0.061555 0.121523 0.008929 0.000010 0.000010 0.000010 0.000010 0.807953
0.000010 0.222323 0.069905 0.000010 0.142958 0.000010 0.559482 0.005301
0.004070 0.238791 0.070392 0.000010 0.093122 0.000010 0.593595 0.000010
0.003495 0.232657 0.055826 0.001020 0.115246 0.000010 0.590196 0.001549
0.000010 0.237148 0.076302 0.002601 0.100920 0.000010 0.583000 0.000010
0.001724 0.216464 0.057775 0.000010 0.116944 0.000010 0.607063 0.000010
0.000013 0.208453 0.072823 0.005607 0.111482 0.000010 0.597803 0.003810
0.001382 0.220655 0.055994 0.000010 0.126434 0.000010 0.590545 0.004970
0.009193 0.174113 0.103470 0.000010 0.086824 0.001976 0.624404 0.000010
0.005446 0.212804 0.055473 0.000274 0.098514 0.000010 0.627469 0.000010
0.001366 0.213892 0.057749 0.004928 0.102711 0.000010 0.617062 0.002282
0.000010 0.223251 0.068859 0.000010 0.122222 0.005674 0.579964 0.000010
0.003797 0.214798 0.063207 0.000012 0.113902 0.000010 0.602344 0.001931
0.000010 0.225449 0.055795 0.000140 0.119975 0.000010 0.595816 0.002805
0.006907 0.200982 0.058088 0.000010 0.093479 0.001494 0.639029 0.000010
0.003376 0.218701 0.095857 0.000347 0.094499 0.005818 0.581391 0.000010
0.000010 0.231334 0.051244 0.002196 0.109781 0.002877 0.602548 0.000010
0.004019 0.219998 0.081209 0.000010 0.142529 0.000010 0.551083 0.001142
0.003929 0.212216 0.062043 0.004153 0.133386 0.000010 0.574823 0.009441
0.001964 0.000010 0.000010 0.000010 0.000010 0.144235 0.000010 0.853750
0.000010 0.000010 0.000010 0.000010 0.000010 0.126658 0.000010 0.873282
0.000010 0.000010 0.000010 0.000010 0.000010 0.149580 0.000010 0.850360
0.000010 0.000010 0.000010 0.000010 0.000010 0.150290 0.000010 0.849650
0.005317 0.000010 0.000010 0.000888 0.000010 0.130611 0.000010 0.863145
0.001024 0.000010 0.000010 0.000010 0.000010 0.139053 0.000010 0.859873
0.000010 0.000010 0.000010 0.003107 0.000010 0.150934 0.000010 0.845910
0.001920 0.000010 0.000010 0.000010 0.000010 0.149168 0.000010 0.848862
0.000010 0.000010 0.000010 0.005745 0.000010 0.137625 0.000010 0.856581
0.005073 0.000010 0.000010 0.002412 0.000010 0.153683 0.000010 0.838792
0.001556 0.000010 0.000010 0.000010 0.000010 0.144572 0.000010 0.853822
0.000010 0.000010 0.000010 0.000010 0.000010 0.147374 0.000010 0.852566
0.000010 0.000010 0.000010 0.000010 0.000010 0.136762 0.000010 0.863178
0.000010 0.000010 0.000010 0.000010 0.000010 0.145211 0.000010 0.854729
0.003462 0.003416 0.003715 0.005386 0.000010 0.141585 0.001057 0.841369
0.009408 0.000010 0.000010 0.000234 0.000010 0.150597 0.000010 0.839721
0.000010 0.000020 0.000010 0.000010 0.000010 0.147350 0.000010 0.852580
0.000010 0.000010 0.000010 0.000010 0.000010 0.143226 0.000010 0.856714
0.007662 0.000010 0.000010 0.000010 0.000010 0.138414 0.000010 0.853873
0.002874 0.000010 0.000010 0.000010 0.000010 0.143893 0.000010 0.853183
0.004303 0.000010 0.000010 0.005961 0.000010 0.146938 0.000010 0.842758
0.000010 0.000010 0.000010 0.000010 0.000010 0.149984 0.000010 0.849956
0.000010 0.000010 0.000010 0.001245 0.000010 0.134067 0.000010 0.864638
0.000010 0.000010 0.000010 0.000010 0.000010 0.141472 0.000010 0.858468
0.008160 0.000010 0.000010 0.005290 0.000010 0.131524 0.000010 0.854985
0.007020 0.000010 0.000010 0.000010 0.000010 0.138412 0.000010 0.854518
0.000010 0.000010 0.000010 0.003820 0.000010 0.032393 0.000010 0.963737
0.000010 0.000010 0.000010 0.000010 0.000010 0.052723 0.000010 0.947217
0.002974 0.000010 0.000010 0.000010 0.000010 0.016308 0.000010 0.980668
0.000010 0.012270 0.000010 0.008108 0.000010 0.090839 0.000010 0.888743
0.000010 0.000011 0.000010 0.001272 0.000010 0.072899 0.000010 0.925778
0.000010 0.000010 0.000010 0.006636 0.000010 0.040808 0.000010 0.952506
0.009153 0.000010 0.000010 0.000010 0.000010 0.021187 0.000010 0.969610
0.005610 0.000010 0.000010 0.003029 0.000010 0.069766 0.000010 0.921556
0.000010 0.000010 0.000010 0.000010 0.000010 0.087489 0.000010 0.912451
0.003918 0.000010 0.000010 0.000010 0.000068 0.050631 0.000010 0.945342
0.005918 0.000010 0.000010 0.000010 0.000010 0.006455 0.000010 0.987578
0.000010 0.000010 0.000010 0.000010 0.000010 0.043332 0.000010 0.956608
0.827094 0.000010 0.000010 0.000010 0.000010 0.000010 0.000010 0.172846
0.817576 0.000010 0.000010 0.000010 0.000010 0.000010 0.000010 0.182364
0.003739 0.000010 0.000010 0.000010 0.000010 0.154640 0.000010 0.841571
0.000010 0.000010 0.000010 0.000010 0.000010 0.151547 0.000010 0.848393
0.001292 0.106762 0.000010 0.014930 0.757051 0.000010 0.119935 0.000010
0.004720 0.113524 0.000010 0.012885 0.748221 0.000010 0.120619 0.000010
0.000010 0.101992 0.000010 0.012331 0.766553 0.000010 0.119084 0.000010
0.000010 0.125470 0.000010 0.004933 0.733697 0.000010 0.135859 0.000010
0.000010 0.101786 0.000010 0.011583 0.775603 0.000010 0.110988 0.000010
0.000010 0.096422 0.000010 0.012195 0.758483 0.000010 0.132860 0.000010
0.001270 0.106053 0.000010 0.005821 0.777135 0.002262 0.107439 0.000010
0.000010 0.126312 0.000010 0.009777 0.743167 0.000010 0.120704 0.000010
0.000121 0.109080 0.000010 0.000010 0.766567 0.004050 0.120151 0.000010
0.000010 0.098185 0.000010 0.000010 0.769686 0.000010 0.132080 0.000010
0.011128 0.109813 0.000010 0.000010 0.782849 0.000010 0.096171 0.000010
0.002517 0.095387 0.000010 0.010537 0.792270 0.000010 0.099258 0.000010
0.001312 0.097121 0.000010 0.000010 0.768344 0.000010 0.133184 0.000010
0.000010 0.000010 0.000010 0.000010 0.000010 0.037799 0.000010 0.962141
0.010477 0.000010 0.000010 0.000010 0.000010 0.019250 0.000010 0.970223
0.000010 0.000010 0.000010 0.000010 0.000010 0.034672 0.000010 0.965268
0.000010 0.000010 0.000010 0.001822 0.000010 0.085418 0.000010 0.912710
0.000010 0.000010 0.000010 0.000010 0.000010 0.063963 0.000010 0.935977
0.007898 0.000010 0.000010 0.005200 0.000010 0.016371 0.000010 0.970491
0.000014 0.000010 0.000010 0.000010 0.000010 0.047260 0.000010 0.952675
0.005037 0.000010 0.000010 0.000010 0.000010 0.006718 0.000010 0.988196
0.008499 0.000010 0.000010 0.000010 0.000010 0.022409 0.000010 0.969042
0.012462 0.000010 0.000010 0.000010 0.000010 0.014588 0.000010 0.972900
0.000010 0.000010 0.000010 0.000010 0.000010 0.048286 0.000010 0.951654
0.000010 0.000010 0.000010 0.000010 0.000010 0.141317 0.000010 0.858623
0.000010 0.000010 0.000010 0.999930 0.000010 0.000010 0.000010 0.000010
0.000010 0.000010 0.000013 0.999924 0.000010 0.000013 0.000010 0.000010
0.000010 0.000010 0.000010 0.999930 0.000010 0.000010 0.000010 0.000010
0.000010 0.000010 0.000010 0.999930 0.000010 0.000010 0.000010 0.000010
0.000010 0.000010 0.000010 0.999930 0.000010 0.000010 0.000010 0.000010
0.000010 0.000010 0.000010 0.999930 0.000010 0.000010 0.000010 0.000010
0.000010 0.000010 0.000010 0.999930 0.000010 0.000010 0.000010 0.000010
0.000010 0.000010 0.000010 0.999930 0.000010 0.000010 0.000010 0.000010
0.001210 0.000010 0.011222 0.876445 0.048982 0.034546 0.024735 0.002850
0.000010 0.000010 0.000010 0.946870 0.003880 0.034514 0.000010 0.014696
0.000010 0.010206 0.000010 0.912123 0.043231 0.026274 0.000010 0.008137
0.000821 0.004063 0.000010 0.967033 0.000010 0.024533 0.000010 0.003520
0.000010 0.000010 0.000010 0.915599 0.036173 0.015053 0.021965 0.011180
0.000010 0.015727 0.016686 0.914188 0.021940 0.009013 0.012769 0.009668
0.002736 0.013805 0.030189 0.786554 0.088013 0.021616 0.049538 0.007549
0.000010 0.003732 0.007549 0.867957 0.070978 0.014907 0.021687 0.013180
0.000010 0.004101 0.054836 0.863974 0.026719 0.026345 0.015927 0.008088
0.000010 0.017157 0.000010 0.912380 0.029496 0.027612 0.009163 0.004172
0.000010 0.000010 0.013826 0.937946 0.010217 0.005721 0.017158 0.015111
0.000010 0.011675 0.031448 0.827293 0.068376 0.013406 0.042309 0.005483
