0.004680 0.024796 0.671027 0.000168 0.021369 0.000010 0.219646 0.058274 0.000010 0.000010 0.000010
0.000010 0.000010 0.920688 0.000010 0.000010 0.000010 0.000010 0.079222 0.000010 0.000010 0.000010
0.000010 0.000010 0.999900 0.000010 0.000010 0.000010 0.000010 0.000010 0.000010 0.000010 0.000010
0.000010 0.077121 0.717955 0.008694 0.043429 0.000019 0.074861 0.069186 0.000010 0.005386 0.003330
0.000010 0.021283 0.748642 0.003294 0.016150 0.015584 0.127252 0.042185 0.002024 0.014934 0.008641
0.000010 0.014279 0.866467 0.000010 0.000010 0.000132 0.087847 0.031215 0.000010 0.000010 0.000010
0.002245 0.205167 0.716364 0.000010 0.026257 0.007278 0.000010 0.038495 0.000010 0.000010 0.004155
0.003614 0.122911 0.664280 0.003746 0.090259 0.014466 0.000010 0.090076 0.000010 0.010618 0.000010
0.000010 0.033549 0.000016 0.000013 0.006247 0.000010 0.000012 0.000010 0.159135 0.048708 0.752291
0.000010 0.017458 0.000010 0.000010 0.000733 0.000010 0.000010 0.006610 0.260662 0.057921 0.656565
0.000010 0.000010 0.000010 0.000010 0.000010 0.000010 0.000010 0.000010 0.436999 0.035225 0.527696
0.000010 0.000010 0.000010 0.000010 0.000010 0.000010 0.000010 0.000010 0.605286 0.000010 0.394624
0.057456 0.000010 0.000010 0.000010 0.000010 0.000010 0.000010 0.000010 0.942454 0.000010 0.000010
0.000010 0.000010 0.000010 0.000010 0.000010 0.000010 0.000010 0.000010 0.761132 0.008600 0.230188
0.110084 0.000010 0.000010 0.000010 0.000010 0.000010 0.000010 0.000010 0.889826 0.000010 0.000010
0.000010 0.000010 0.000010 0.000010 0.000010 0.000010 0.000010 0.000010 0.421248 0.007242 0.571431
0.010027 0.000010 0.000010 0.000010 0.000010 0.000013 0.000010 0.000010 0.959443 0.000010 0.030447
0.023358 0.000010 0.000010 0.000010 0.000010 0.000010 0.000010 0.000010 0.873990 0.000010 0.102572
0.000010 0.000010 0.000010 0.000010 0.000010 0.000010 0.000010 0.000010 0.930898 0.000010 0.069012
0.004802 0.041363 0.000010 0.000911 0.036486 0.003484 0.000010 0.000010 0.099275 0.096840 0.716809
0.021997 0.000010 0.000010 0.000010 0.000010 0.000015 0.000010 0.000010 0.935630 0.000010 0.042288
0.000010 0.000010 0.000010 0.000010 0.000010 0.000010 0.000010 0.000010 0.000010 0.000010 0.999900
0.018100 0.000010 0.000010 0.000019 0.000010 0.000010 0.000010 0.000010 0.921130 0.000010 0.060681
0.000010 0.000010 0.000010 0.000010 0.000010 0.000010 0.000010 0.000010 0.380302 0.011131 0.608487
0.000010 0.056736 0.000010 0.003031 0.000010 0.000010 0.000010 0.000010 0.112740 0.082240 0.745193
0.116034 0.000010 0.000010 0.000010 0.000010 0.000010 0.000010 0.000010 0.883876 0.000010 0.000010
0.000010 0.000010 0.000010 0.000010 0.000010 0.000010 0.000010 0.000010 0.974159 0.000010 0.025751
0.009504 0.000010 0.000010 0.000010 0.000010 0.000010 0.000010 0.000010 0.968314 0.000010 0.022102
0.099410 0.000010 0.000010 0.000010 0.000010 0.000010 0.000010 0.000010 0.900500 0.000010 0.000010
0.000010 0.000010 0.000010 0.000010 0.000010 0.000010 0.000010 0.000010 0.157288 0.011684 0.830947
0.000010 0.000010 0.000010 0.000010 0.000010 0.000010 0.000010 0.000010 0.932935 0.000010 0.066975
0.044004 0.000010 0.000010 0.000010 0.000010 0.000010 0.000010 0.000010 0.948489 0.000010 0.007427
0.068229 0.000010 0.000010 0.000010 0.000010 0.000010 0.000010 0.000010 0.931681 0.000010 0.000010
0.096379 0.000010 0.000010 0.000010 0.000010 0.000010 0.000010 0.000010 0.903531 0.000010 0.000010
0.000010 0.000010 0.000010 0.000010 0.000010 0.000010 0.000010 0.000010 0.105364 0.281228 0.613328
0.000010 0.000010 0.000010 0.000010 0.000010 0.000010 0.000010 0.000010 0.094045 0.273159 0.632716
0.000010 0.000010 0.000010 0.000010 0.000010 0.000010 0.000010 0.000010 0.090042 0.220414 0.689465
0.041595 0.234546 0.000010 0.000010 0.167719 0.000010 0.000010 0.000010 0.005756 0.140229 0.410105
0.052932 0.217817 0.000010 0.001405 0.149799 0.033080 0.000010 0.000010 0.034882 0.133384 0.376671
0.005072 0.460494 0.000010 0.000010 0.036566 0.041103 0.000010 0.014448 0.075006 0.022847 0.344435
0.000014 0.338960 0.000010 0.002227 0.041256 0.034053 0.000010 0.007708 0.039909 0.073676 0.462177
0.090227 0.000010 0.000010 0.000010 0.000010 0.000010 0.000010 0.000010 0.894888 0.000010 0.014805
0.000010 0.000010 0.000010 0.000010 0.000010 0.000010 0.000010 0.000010 0.726469 0.000010 0.273441
0.000010 0.000010 0.000010 0.000010 0.000010 0.000010 0.000010 0.000010 0.114803 0.335237 0.549880
0.000010 0.000010 0.000010 0.000010 0.000010 0.000010 0.000010 0.000010 0.050143 0.310787 0.638990
0.042253 0.243066 0.000010 0.000047 0.178798 0.003297 0.000010 0.000010 0.017994 0.118769 0.395746
0.030105 0.221151 0.000010 0.000010 0.170609 0.000010 0.000010 0.000010 0.040452 0.128992 0.408640
0.028548 0.220052 0.000010 0.006486 0.162543 0.010282 0.000010 0.000010 0.014593 0.141931 0.415534
0.012505 0.128699 0.000010 0.006820 0.004687 0.023455 0.000019 0.000010 0.031254 0.102341 0.690200
0.000010 0.004895 0.000010 0.000587 0.000010 0.017236 0.000010 0.000010 0.081273 0.093218 0.802741
0.124081 0.000010 0.000010 0.000010 0.000010 0.000010 0.000010 0.000010 0.875829 0.000010 0.000010
0.000010 0.000010 0.000010 0.000010 0.000010 0.000010 0.000010 0.000010 0.726436 0.000010 0.273474
0.000010 0.000010 0.000010 0.000010 0.000010 0.000010 0.000010 0.000010 0.845174 0.000010 0.154736
0.000010 0.000010 0.000010 0.000010 0.000010 0.000010 0.000010 0.000010 0.068037 0.308687 0.623195
0.042734 0.232323 0.000010 0.002790 0.170966 0.000010 0.000010 0.000010 0.019777 0.121809 0.409560
0.048749 0.235356 0.000010 0.000010 0.164806 0.000010 0.000010 0.000010 0.027313 0.122027 0.401700
0.047539 0.226953 0.000010 0.000010 0.143601 0.000010 0.000010 0.000010 0.019931 0.148148 0.413780
0.016019 0.000010 0.000010 0.002387 0.000010 0.015274 0.000010 0.000010 0.000682 0.126965 0.838622
0.000010 0.542479 0.004282 0.002878 0.088390 0.028341 0.000010 0.000010 0.027753 0.069615 0.236233
0.000010 0.000010 0.000010 0.000010 0.000010 0.000010 0.000010 0.000010 0.100307 0.342374 0.557239
0.000010 0.000010 0.000010 0.000010 0.000010 0.000010 0.000010 0.000010 0.090761 0.265031 0.644128
0.000010 0.000010 0.000010 0.000010 0.000010 0.000010 0.000010 0.000010 0.104390 0.283306 0.612224
0.032607 0.246792 0.000010 0.000010 0.164293 0.000010 0.000010 0.000010 0.010424 0.138046 0.407787
0.038217 0.229714 0.000010 0.000010 0.175460 0.000010 0.000010 0.000010 0.000010 0.123481 0.433068
0.028860 0.229435 0.000010 0.000010 0.183499 0.009460 0.000010 0.000010 0.035724 0.118416 0.394566
0.013453 0.263911 0.000010 0.000570 0.034117 0.026383 0.001343 0.004685 0.024633 0.101804 0.529093
0.226301 0.261187 0.000010 0.000010 0.045900 0.005115 0.000010 0.000010 0.405665 0.021214 0.034577
0.129437 0.000010 0.000010 0.000010 0.000010 0.000010 0.000010 0.000010 0.862155 0.000010 0.008328
0.000010 0.000010 0.000010 0.000010 0.000010 0.000010 0.000010 0.000010 0.851927 0.000010 0.147983
0.000010 0.000010 0.000010 0.000010 0.000010 0.000010 0.000010 0.000010 0.067284 0.338093 0.594543
0.000010 0.000010 0.000010 0.000010 0.000010 0.000010 0.000010 0.000010 0.090383 0.331879 0.577658
0.023910 0.209663 0.000030 0.000010 0.161915 0.000010 0.000010 0.000010 0.016092 0.138040 0.450310
0.041015 0.237023 0.000010 0.000010 0.174628 0.000010 0.000010 0.000010 0.000010 0.126562 0.420712
0.000010 0.387795 0.000010 0.001036 0.059292 0.040351 0.000010 0.018826 0.062497 0.050075 0.380098
0.000506 0.107150 0.000010 0.000010 0.011250 0.036055 0.000010 0.000010 0.027282 0.099542 0.718174
0.141443 0.000010 0.000010 0.000010 0.000010 0.000010 0.000010 0.000010 0.858467 0.000010 0.000010
0.000010 0.000010 0.000010 0.000010 0.000010 0.000010 0.000010 0.000010 0.868149 0.000010 0.131761
0.004125 0.000010 0.000010 0.000014 0.000010 0.000010 0.000010 0.000010 0.101995 0.410346 0.483460
0.030223 0.252250 0.000010 0.000699 0.166757 0.000010 0.000010 0.000010 0.026719 0.106907 0.416404
0.037314 0.231075 0.000010 0.000010 0.163953 0.000014 0.000010 0.000010 0.009970 0.140953 0.416680
0.034031 0.215357 0.000014 0.000010 0.149928 0.009307 0.000010 0.000010 0.018002 0.136199 0.437132
0.041053 0.281889 0.000010 0.000010 0.160061 0.008007 0.000010 0.000010 0.022578 0.119421 0.366952
0.000248 0.392347 0.000010 0.004554 0.040130 0.055837 0.000416 0.001093 0.090677 0.027896 0.386792
0.006061 0.071814 0.000010 0.000377 0.014024 0.016272 0.000010 0.000010 0.057984 0.131002 0.702435
0.175029 0.373085 0.000010 0.000010 0.066261 0.026561 0.000010 0.000010 0.330013 0.010142 0.018868
0.042900 0.000010 0.000010 0.000010 0.000010 0.000010 0.000010 0.000010 0.914457 0.000010 0.042563
0.000016 0.000010 0.000010 0.000012 0.000010 0.000010 0.000010 0.000010 0.860961 0.000857 0.138094
0.023730 0.000010 0.000010 0.000010 0.000010 0.000010 0.000010 0.000010 0.529518 0.012613 0.434069
0.001473 0.000010 0.000010 0.000010 0.000010 0.000010 0.000010 0.000010 0.047308 0.256623 0.694526
0.000010 0.000010 0.000010 0.000010 0.000010 0.000010 0.000010 0.000010 0.101418 0.288065 0.610437
0.042705 0.292230 0.000010 0.000010 0.153655 0.000010 0.000010 0.000010 0.000834 0.130246 0.380281
0.027608 0.260360 0.000010 0.000010 0.187792 0.007983 0.000010 0.000010 0.022997 0.102399 0.390821
0.046084 0.243048 0.000010 0.000010 0.150428 0.000010 0.000010 0.000010 0.017393 0.141491 0.401505
0.002069 0.455714 0.000010 0.000365 0.054103 0.000533 0.000010 0.022862 0.075116 0.021208 0.368011
0.002402 0.337880 0.000010 0.002072 0.031813 0.068175 0.000010 0.044651 0.026727 0.036359 0.449901
0.124616 0.411592 0.000010 0.001164 0.050599 0.043124 0.001031 0.000010 0.283264 0.010132 0.074459
0.089932 0.000010 0.000010 0.000010 0.000010 0.000010 0.000010 0.000010 0.909978 0.000010 0.000010
0.000010 0.000010 0.000010 0.000010 0.000010 0.000010 0.000010 0.000010 0.894307 0.000010 0.105603
0.000010 0.000010 0.000010 0.004283 0.000010 0.000010 0.000010 0.000010 0.517120 0.012496 0.466031
0.037128 0.280998 0.000010 0.000016 0.184901 0.000010 0.000010 0.000010 0.008593 0.091946 0.396378
0.039978 0.238441 0.000010 0.003921 0.154269 0.000010 0.000010 0.000010 0.023444 0.127671 0.412236
0.000904 0.396170 0.000010 0.006116 0.046310 0.011697 0.000010 0.003256 0.120139 0.000123 0.415264
0.004655 0.388413 0.000010 0.009816 0.048344 0.013960 0.000010 0.004210 0.043452 0.054567 0.432563
0.104202 0.546441 0.000513 0.000010 0.068133 0.028857 0.000010 0.000010 0.200465 0.023055 0.028304
0.106626 0.000010 0.000010 0.000010 0.000010 0.000010 0.000010 0.000010 0.893284 0.000010 0.000010
0.000010 0.000010 0.000010 0.000010 0.000010 0.000010 0.000010 0.000010 0.858072 0.000010 0.141838
0.004871 0.011059 0.002778 0.013738 0.505757 0.414520 0.010703 0.026388 0.000010 0.010167 0.000010
0.000010 0.000010 0.005885 0.016020 0.498924 0.450974 0.000010 0.014718 0.003256 0.010182 0.000010
0.008189 0.000010 0.001490 0.010116 0.508046 0.406366 0.007958 0.037727 0.002506 0.000010 0.017583
0.000010 0.000010 0.006097 0.002736 0.514452 0.439173 0.001704 0.017917 0.000010 0.017882 0.000010
0.000010 0.000010 0.005492 0.000795 0.499507 0.452810 0.000010 0.017591 0.002890 0.017762 0.003122
0.000010 0.000010 0.001001 0.009815 0.511649 0.428623 0.003884 0.034949 0.003271 0.006592 0.000196
0.004488 0.000010 0.003676 0.016092 0.501116 0.452135 0.000655 0.016509 0.000010 0.001696 0.003614
0.017439 0.046843 0.000010 0.013728 0.437111 0.420911 0.011334 0.018933 0.000010 0.015871 0.017809
0.000010 0.002055 0.006635 0.021006 0.493458 0.438689 0.026301 0.011816 0.000010 0.000010 0.000010
0.006838 0.000010 0.003248 0.007199 0.494238 0.458045 0.007410 0.017136 0.005855 0.000010 0.000010
0.007416 0.000010 0.000010 0.010009 0.517899 0.439042 0.003158 0.018643 0.000010 0.003793 0.000010
0.004950 0.021176 0.002917 0.015962 0.501191 0.396663 0.024519 0.017199 0.001217 0.014197 0.000010
0.002336 0.025705 0.000106 0.009100 0.521848 0.399193 0.012570 0.010960 0.009176 0.008996 0.000010
0.003047 0.000579 0.001291 0.013745 0.483388 0.467058 0.001234 0.019081 0.000010 0.010557 0.000010
0.002891 0.000010 0.003006 0.010047 0.531508 0.406023 0.016321 0.013907 0.000010 0.016267 0.000010
0.000832 0.031337 0.002465 0.010377 0.489933 0.420431 0.000010 0.018163 0.005232 0.021209 0.000010
0.004117 0.012293 0.001205 0.027445 0.530712 0.357909 0.030113 0.004083 0.001034 0.026044 0.005045
0.003308 0.009908 0.003310 0.016573 0.473503 0.433597 0.036383 0.015444 0.004036 0.000747 0.003190
0.001711 0.009977 0.003372 0.010714 0.513638 0.422971 0.000010 0.023070 0.007872 0.006656 0.000010
0.002028 0.019784 0.008941 0.014035 0.442080 0.415524 0.042959 0.050918 0.000010 0.003712 0.000010
0.004128 0.018148 0.002562 0.011155 0.503078 0.418446 0.010708 0.021296 0.003838 0.006632 0.000010
0.001582 0.000010 0.000010 0.012184 0.507094 0.448962 0.002858 0.014881 0.000010 0.011887 0.000522
0.000010 0.033116 0.000010 0.008624 0.474478 0.463891 0.000310 0.014626 0.004155 0.000771 0.000010
0.000010 0.000010 0.000010 0.025644 0.542043 0.352717 0.004859 0.017448 0.011585 0.040703 0.004971
0.000010 0.020341 0.000010 0.018928 0.548013 0.373592 0.006007 0.011302 0.007397 0.008190 0.006209
0.000010 0.000010 0.000010 0.016694 0.430496 0.492590 0.023608 0.029114 0.000010 0.002431 0.005026
0.004516 0.000010 0.000010 0.005715 0.439919 0.492420 0.010226 0.036708 0.000010 0.001710 0.008756
0.010666 0.010693 0.005166 0.010768 0.499121 0.439499 0.001488 0.013772 0.000010 0.007940 0.000877
0.000010 0.039505 0.003860 0.013110 0.457850 0.397362 0.000010 0.013857 0.014411 0.035120 0.024906
0.015044 0.020319 0.000010 0.007787 0.523922 0.401497 0.002860 0.028531 0.000010 0.000010 0.000010
0.000010 0.000010 0.000010 0.004848 0.518996 0.408456 0.003043 0.057627 0.000010 0.006980 0.000010
0.000010 0.031344 0.000010 0.000771 0.428149 0.445564 0.051229 0.019870 0.015805 0.005794 0.001454
0.003592 0.000010 0.000010 0.000494 0.482002 0.450090 0.013420 0.033964 0.002069 0.007591 0.006760
0.010314 0.072973 0.000010 0.015671 0.475314 0.415188 0.000587 0.000010 0.000010 0.007068 0.002854
0.000010 0.000010 0.000010 0.004820 0.495011 0.477662 0.004257 0.008629 0.009572 0.000010 0.000010
0.005704 0.002152 0.000010 0.005324 0.489840 0.447697 0.012554 0.023605 0.001053 0.012051 0.000010
0.000010 0.000010 0.000010 0.008677 0.530518 0.394736 0.024418 0.002560 0.010451 0.028600 0.000010
0.000010 0.000010 0.000019 0.021285 0.545357 0.373796 0.011948 0.021774 0.000010 0.025781 0.000010
0.005264 0.026135 0.002527 0.012469 0.517173 0.385091 0.011715 0.016501 0.000010 0.011241 0.011874
0.000010 0.000945 0.000508 0.005184 0.534804 0.411058 0.018331 0.006409 0.000010 0.022731 0.000010
0.000010 0.023643 0.000010 0.008078 0.496383 0.383298 0.045595 0.012876 0.000514 0.021082 0.008511
0.018449 0.094630 0.000010 0.000010 0.172713 0.186797 0.000010 0.020034 0.000010 0.248448 0.258888
0.014541 0.107447 0.000010 0.004607 0.177483 0.169746 0.003623 0.000010 0.017654 0.258030 0.246850
0.007517 0.149873 0.000010 0.008488 0.194772 0.156511 0.000010 0.006361 0.000010 0.251478 0.224970
0.018548 0.100863 0.000991 0.013113 0.182416 0.203882 0.000010 0.000010 0.006940 0.223032 0.250196
0.011172 0.099480 0.000864 0.004808 0.203429 0.208817 0.001496 0.008728 0.000010 0.259237 0.201959
0.018699 0.127088 0.000014 0.009539 0.190882 0.152978 0.000011 0.000010 0.000010 0.238741 0.262027
0.019835 0.106503 0.004134 0.004600 0.169514 0.197590 0.000010 0.000010 0.007068 0.255524 0.235212
0.001329 0.097824 0.000010 0.010193 0.203518 0.206762 0.005010 0.001893 0.000010 0.235983 0.237468
0.006430 0.109200 0.000010 0.000010 0.185043 0.210723 0.001355 0.003723 0.011254 0.238107 0.234144
0.000010 0.095096 0.000010 0.002662 0.205998 0.176208 0.000010 0.004703 0.000737 0.268435 0.246132
0.001303 0.096101 0.000010 0.012180 0.199587 0.188202 0.000010 0.000010 0.000010 0.244636 0.257951
0.013638 0.125117 0.000010 0.007670 0.199799 0.189507 0.000010 0.000010 0.007818 0.240493 0.215927
0.005872 0.102891 0.000010 0.005670 0.193257 0.183998 0.000010 0.008012 0.000010 0.271157 0.229112
0.014623 0.118889 0.000492 0.000010 0.168417 0.174814 0.007119 0.007612 0.003225 0.238236 0.266562
0.007815 0.000010 0.005419 0.013604 0.443910 0.472557 0.021334 0.034474 0.000010 0.000858 0.000010
0.000010 0.000010 0.000010 0.001577 0.452798 0.509082 0.017676 0.009549 0.000010 0.000010 0.009267
0.000010 0.000010 0.009035 0.009859 0.435330 0.432404 0.048587 0.056821 0.005193 0.000010 0.002741
0.000010 0.011346 0.001112 0.006310 0.484194 0.441284 0.006629 0.039981 0.004172 0.000010 0.004951
0.000010 0.000010 0.012812 0.007450 0.452913 0.440328 0.029955 0.034795 0.000010 0.015038 0.006679
0.006534 0.000010 0.000010 0.014666 0.446372 0.487677 0.026991 0.017710 0.000010 0.000010 0.000010
0.009963 0.032350 0.004658 0.012706 0.455758 0.363153 0.053698 0.050014 0.000010 0.017680 0.000010
0.002324 0.021045 0.000935 0.000010 0.432193 0.443847 0.050632 0.036357 0.000010 0.012636 0.000010
0.000010 0.000010 0.000015 0.008516 0.467919 0.446977 0.030135 0.041187 0.005211 0.000010 0.000010
0.009395 0.002128 0.014135 0.001756 0.461267 0.420416 0.036193 0.049982 0.000010 0.004709 0.000010
0.000010 0.012334 0.000010 0.008097 0.418761 0.496821 0.030674 0.024065 0.000010 0.000010 0.009208
0.000010 0.000010 0.000010 0.004752 0.435573 0.475006 0.044718 0.026981 0.000010 0.000010 0.012921
0.008182 0.000010 0.012997 0.018293 0.440600 0.440430 0.039315 0.039364 0.000260 0.000538 0.000010
0.000010 0.000010 0.010642 0.003159 0.423100 0.431046 0.069998 0.046982 0.000010 0.014118 0.000926
0.003785 0.000010 0.004678 0.007803 0.456919 0.465974 0.034253 0.025555 0.001004 0.000010 0.000010
0.000010 0.007218 0.000387 0.002223 0.442866 0.478657 0.017491 0.036798 0.014331 0.000010 0.000010
0.000010 0.000010 0.000010 0.005091 0.455765 0.458863 0.044317 0.034909 0.000010 0.001005 0.000010
0.012577 0.000010 0.000010 0.015913 0.466724 0.483159 0.005840 0.015738 0.000010 0.000010 0.000010
0.000010 0.000010 0.007046 0.001957 0.485543 0.432575 0.013597 0.040330 0.009404 0.009518 0.000010
0.000010 0.000010 0.001935 0.002448 0.468717 0.437592 0.040051 0.035396 0.000542 0.010331 0.002966
0.002406 0.010984 0.002370 0.029525 0.590598 0.280983 0.007419 0.013730 0.010991 0.050985 0.000010
0.000010 0.036101 0.001115 0.027765 0.638075 0.210674 0.005247 0.025059 0.006712 0.046984 0.002258
0.012617 0.067297 0.000944 0.027084 0.578797 0.262482 0.000010 0.000010 0.000010 0.050740 0.000010
0.003858 0.003530 0.000010 0.031483 0.613438 0.301540 0.001600 0.007133 0.000010 0.033684 0.003713
0.006752 0.037678 0.000457 0.024768 0.607368 0.263354 0.000010 0.006588 0.000010 0.049673 0.003341
0.009961 0.042574 0.005665 0.036525 0.582304 0.263019 0.001195 0.010492 0.000010 0.048245 0.000010
0.004817 0.073339 0.007593 0.025879 0.535998 0.301149 0.000010 0.001750 0.008976 0.040479 0.000010
0.003509 0.050810 0.002568 0.018485 0.590320 0.278431 0.000010 0.000010 0.014303 0.037598 0.003957
0.009631 0.047927 0.000010 0.030175 0.575483 0.282151 0.000178 0.000010 0.004852 0.049574 0.000010
0.005681 0.089824 0.000010 0.014616 0.575209 0.248004 0.000010 0.006219 0.000444 0.059766 0.000218
0.006592 0.052978 0.002008 0.021325 0.655111 0.185306 0.013111 0.016720 0.002157 0.044681 0.000010
0.009217 0.008322 0.000010 0.029703 0.642390 0.216051 0.000010 0.035307 0.003191 0.047717 0.008083
0.006163 0.055800 0.000010 0.021155 0.568214 0.270511 0.000196 0.016700 0.000010 0.041554 0.019688
0.007567 0.079165 0.003771 0.023254 0.568703 0.252315 0.002522 0.001181 0.010708 0.030027 0.020787
0.000338 0.063879 0.002315 0.019744 0.579797 0.273318 0.005704 0.000010 0.000246 0.054640 0.000010
0.007018 0.038304 0.000010 0.022740 0.622341 0.195600 0.007309 0.027488 0.004107 0.069683 0.005400
0.006747 0.084304 0.003070 0.027995 0.567384 0.232849 0.007655 0.009167 0.000051 0.052158 0.008621
0.012901 0.035567 0.000010 0.027508 0.578576 0.278568 0.004219 0.007804 0.000010 0.049644 0.005193
0.008609 0.134575 0.000640 0.024062 0.492016 0.300939 0.000010 0.000010 0.011548 0.018638 0.008951
0.011412 0.096725 0.000010 0.018818 0.496557 0.299059 0.002590 0.007784 0.000010 0.043643 0.023392
0.000010 0.130512 0.000010 0.015064 0.484478 0.304163 0.000010 0.000010 0.019837 0.032623 0.013283
0.010168 0.093621 0.000010 0.023615 0.552248 0.270717 0.000010 0.000010 0.004205 0.045386 0.000010
0.008289 0.136155 0.000010 0.015938 0.501501 0.286846 0.000010 0.001146 0.009700 0.032737 0.007668
0.016456 0.095076 0.001347 0.022102 0.471585 0.321686 0.000010 0.007788 0.003652 0.032083 0.028215
0.006064 0.083374 0.000010 0.020405 0.532061 0.286708 0.007174 0.000010 0.009717 0.043089 0.011389
0.015765 0.114268 0.003716 0.025596 0.545816 0.248001 0.000010 0.000010 0.000010 0.036936 0.009871
0.006423 0.069246 0.001100 0.022344 0.585917 0.261112 0.000010 0.000010 0.000010 0.045586 0.008243
0.006186 0.139604 0.000010 0.019772 0.518142 0.281408 0.000010 0.000276 0.007004 0.019828 0.007760
0.007099 0.098189 0.000010 0.006113 0.477076 0.365295 0.003693 0.000010 0.007002 0.020229 0.015284
0.013615 0.097751 0.000010 0.021221 0.498764 0.300436 0.001803 0.000010 0.000010 0.038266 0.028113
0.000010 0.083573 0.000010 0.019660 0.538478 0.287999 0.002870 0.000010 0.017279 0.033360 0.016751
0.003986 0.078416 0.000010 0.029653 0.554339 0.272178 0.002689 0.000010 0.015748 0.038511 0.004459
0.005873 0.122787 0.000010 0.011706 0.490664 0.319745 0.000299 0.000010 0.014276 0.024183 0.010446
0.004638 0.082313 0.000010 0.030033 0.573475 0.229746 0.000598 0.003850 0.003441 0.048166 0.023732
0.007848 0.116088 0.000010 0.005457 0.499059 0.314332 0.003689 0.000010 0.015141 0.035274 0.003092
0.006923 0.097944 0.000010 0.018561 0.485455 0.329101 0.003025 0.000010 0.000010 0.040868 0.018093
0.021560 0.102002 0.000010 0.018791 0.528950 0.267855 0.001554 0.005933 0.003191 0.047159 0.002996
0.000010 0.114993 0.000010 0.000010 0.857038 0.000010 0.000010 0.027888 0.000010 0.000010 0.000010
0.000010 0.122582 0.000010 0.000010 0.825790 0.000010 0.000010 0.051548 0.000010 0.000010 0.000010
0.000010 0.145348 0.000010 0.000010 0.813514 0.001924 0.000010 0.039144 0.000010 0.000010 0.000010
0.000010 0.149487 0.000010 0.000010 0.811586 0.002365 0.000010 0.036492 0.000010 0.000010 0.000010
0.000010 0.111687 0.000010 0.000010 0.854571 0.000010 0.000010 0.033661 0.000010 0.000010 0.000010
0.000010 0.112996 0.000010 0.000010 0.853134 0.000010 0.000010 0.033790 0.000010 0.000010 0.000010
0.000413 0.124591 0.000010 0.000010 0.811540 0.029848 0.000010 0.032995 0.000010 0.000562 0.000010
0.000010 0.131816 0.000010 0.000010 0.799699 0.031495 0.000010 0.036920 0.000010 0.000010 0.000010
0.000010 0.145037 0.000010 0.000010 0.796954 0.028968 0.000010 0.027527 0.000316 0.000010 0.001148
0.008200 0.147257 0.000010 0.000010 0.751400 0.077666 0.000010 0.011540 0.001859 0.002039 0.000010
0.000010 0.146663 0.000010 0.000010 0.811753 0.006868 0.000010 0.034573 0.000010 0.000010 0.000083
0.000010 0.104348 0.000010 0.000010 0.852615 0.009319 0.000010 0.033647 0.000010 0.000010 0.000010
0.000010 0.143929 0.000010 0.000010 0.788979 0.040183 0.000010 0.026839 0.000010 0.000010 0.000010
0.000010 0.116269 0.000010 0.000010 0.845747 0.000010 0.000010 0.037904 0.000010 0.000010 0.000010
0.000010 0.115869 0.000010 0.000010 0.824533 0.000010 0.000010 0.059517 0.000010 0.000010 0.000010
0.000010 0.126191 0.000010 0.000010 0.851039 0.000010 0.000010 0.022690 0.000010 0.000010 0.000010
0.000010 0.122025 0.000010 0.000010 0.854287 0.000010 0.000010 0.023608 0.000010 0.000010 0.000010
0.000010 0.126300 0.000010 0.000010 0.828738 0.000010 0.000010 0.044882 0.000010 0.000010 0.000010
0.009580 0.077538 0.001609 0.026093 0.535216 0.190066 0.000010 0.000010 0.000010 0.104276 0.055592
0.009883 0.093348 0.001957 0.020493 0.495360 0.238386 0.000010 0.000010 0.010870 0.084294 0.045388
0.012565 0.083800 0.005296 0.025762 0.541759 0.192812 0.000010 0.000010 0.009955 0.082734 0.045297
0.000010 0.065456 0.000010 0.019536 0.537907 0.219974 0.000010 0.000010 0.000010 0.095271 0.061806
0.015645 0.051223 0.003012 0.014072 0.516764 0.262492 0.000010 0.000010 0.009284 0.102807 0.024681
0.008539 0.097196 0.000010 0.020217 0.540847 0.196663 0.000010 0.000010 0.008213 0.099287 0.029008
0.018209 0.058171 0.000010 0.022346 0.549943 0.222913 0.000010 0.000010 0.000010 0.107684 0.020694
0.004725 0.091307 0.000010 0.023202 0.530529 0.215167 0.000010 0.000010 0.005246 0.087507 0.042288
0.011176 0.103894 0.002373 0.024781 0.534260 0.176076 0.000010 0.000010 0.011843 0.089615 0.045963
0.011329 0.068744 0.000010 0.019959 0.538733 0.215284 0.000010 0.000010 0.000167 0.098089 0.047665
0.023048 0.090503 0.000010 0.023261 0.510180 0.216089 0.000011 0.000010 0.004501 0.108760 0.023627
0.004897 0.052807 0.000010 0.021037 0.565725 0.231041 0.001079 0.000010 0.000010 0.093686 0.029698
0.011189 0.079957 0.000010 0.016730 0.538656 0.218201 0.000010 0.000010 0.003892 0.099062 0.032282
0.014953 0.099381 0.000010 0.012419 0.524896 0.204537 0.000010 0.000010 0.000010 0.099382 0.044392
0.009555 0.072867 0.000010 0.024848 0.522625 0.210600 0.000010 0.000010 0.000010 0.108473 0.050993
0.012669 0.089388 0.000010 0.022945 0.520689 0.215972 0.000010 0.000010 0.000010 0.078794 0.059505
0.016175 0.084245 0.002962 0.019735 0.541398 0.202410 0.000010 0.000010 0.016636 0.097180 0.019238
0.004838 0.086484 0.000010 0.015282 0.529659 0.209543 0.000471 0.002270 0.016801 0.104085 0.030558
0.000296 0.110263 0.000010 0.013732 0.522240 0.215491 0.000010 0.000010 0.005964 0.089150 0.042833
0.013631 0.090506 0.000010 0.019290 0.548606 0.212784 0.000010 0.000010 0.000010 0.076003 0.039140
0.012706 0.087527 0.000010 0.013975 0.564448 0.193434 0.000010 0.000010 0.004029 0.094280 0.029571
0.007744 0.067954 0.000010 0.017064 0.578247 0.202349 0.000010 0.000010 0.020136 0.063520 0.042955
0.017875 0.075176 0.000010 0.017758 0.533135 0.223299 0.000010 0.000010 0.000010 0.090394 0.042323
0.000010 0.000010 0.807995 0.000010 0.000010 0.000010 0.191915 0.000010 0.000010 0.000010 0.000010
0.000010 0.000010 0.547185 0.000010 0.000010 0.000010 0.452725 0.000010 0.000010 0.000010 0.000010
0.000010 0.000010 0.568983 0.000010 0.000010 0.000010 0.430927 0.000010 0.000010 0.000010 0.000010
0.000010 0.000010 0.540419 0.000010 0.000010 0.000010 0.459491 0.000010 0.000010 0.000010 0.000010
0.000010 0.000010 0.550400 0.000010 0.000010 0.000010 0.449510 0.000010 0.000010 0.000010 0.000010
0.000010 0.000010 0.554111 0.000010 0.000010 0.000010 0.445799 0.000010 0.000010 0.000010 0.000010
0.000010 0.000010 0.528013 0.000010 0.000010 0.000010 0.471897 0.000010 0.000010 0.000010 0.000010
0.000010 0.000010 0.574256 0.000010 0.000010 0.000010 0.425654 0.000010 0.000010 0.000010 0.000010
0.000010 0.000010 0.802976 0.000010 0.000010 0.000010 0.196934 0.000010 0.000010 0.000010 0.000010
0.000010 0.000010 0.790778 0.000010 0.000010 0.000010 0.209132 0.000010 0.000010 0.000010 0.000010
0.000010 0.000010 0.560967 0.000010 0.000010 0.000010 0.438943 0.000010 0.000010 0.000010 0.000010
0.000010 0.000010 0.569996 0.000010 0.000010 0.000010 0.429914 0.000010 0.000010 0.000010 0.000010
0.000010 0.000010 0.561655 0.000010 0.000010 0.000010 0.438255 0.000010 0.000010 0.000010 0.000010
0.000010 0.000010 0.812108 0.000010 0.000010 0.000010 0.187802 0.000010 0.000010 0.000010 0.000010
0.000010 0.000010 0.544815 0.000010 0.000010 0.000010 0.455095 0.000010 0.000010 0.000010 0.000010
0.000010 0.000010 0.548976 0.000010 0.000010 0.000010 0.450934 0.000010 0.000010 0.000010 0.000010
0.000010 0.000010 0.529780 0.000010 0.000010 0.000010 0.470130 0.000010 0.000010 0.000010 0.000010
0.000010 0.000010 0.542476 0.000010 0.000010 0.000010 0.457434 0.000010 0.000010 0.000010 0.000010
0.000010 0.000010 0.829777 0.000010 0.000010 0.000010 0.170133 0.000010 0.000010 0.000010 0.000010
0.000010 0.000010 0.532393 0.000010 0.000010 0.000010 0.467517 0.000010 0.000010 0.000010 0.000010
0.000010 0.000010 0.808234 0.000010 0.000010 0.000010 0.191676 0.000010 0.000010 0.000010 0.000010
0.000010 0.000010 0.817656 0.000010 0.000010 0.000010 0.182254 0.000010 0.000010 0.000010 0.000010
0.003030 0.732609 0.000010 0.000010 0.059823 0.091436 0.000010 0.113041 0.000010 0.000010 0.000010
0.003201 0.678954 0.000010 0.003300 0.037915 0.134259 0.000010 0.140615 0.000010 0.000010 0.001717
0.006916 0.684987 0.001369 0.001125 0.044917 0.123697 0.001815 0.132750 0.001681 0.000732 0.000010
0.004764 0.719014 0.000010 0.005482 0.051537 0.124377 0.000010 0.087429 0.004173 0.000010 0.003193
0.000637 0.741825 0.000010 0.000010 0.050733 0.095418 0.000010 0.111326 0.000010 0.000010 0.000010
0.003795 0.665411 0.000010 0.001516 0.037460 0.186074 0.000010 0.102647 0.003057 0.000010 0.000010
0.001356 0.709345 0.000010 0.000010 0.050287 0.099125 0.000343 0.135503 0.004000 0.000010 0.000010
0.000010 0.730643 0.000010 0.006789 0.026049 0.120647 0.000010 0.115812 0.000010 0.000010 0.000010
0.000175 0.766875 0.001680 0.004443 0.070731 0.078161 0.000010 0.077894 0.000010 0.000010 0.000010
0.000995 0.716036 0.000010 0.000010 0.038080 0.126051 0.000010 0.118778 0.000010 0.000010 0.000010
0.005331 0.736700 0.000010 0.000010 0.037438 0.098645 0.000010 0.114617 0.005053 0.000031 0.002156
0.004679 0.694169 0.000392 0.000010 0.028807 0.110800 0.000010 0.161103 0.000010 0.000010 0.000010
0.011218 0.708533 0.000010 0.000010 0.037320 0.105599 0.004777 0.132503 0.000010 0.000010 0.000010
0.000010 0.727722 0.000010 0.000893 0.067345 0.092871 0.000010 0.111109 0.000010 0.000010 0.000010
0.000010 0.709582 0.000010 0.003795 0.059075 0.105440 0.000010 0.114737 0.007321 0.000010 0.000010
0.000611 0.719819 0.000010 0.007731 0.063494 0.102619 0.002968 0.102719 0.000010 0.000010 0.000010
0.003463 0.689085 0.003599 0.005063 0.044443 0.132420 0.000010 0.118803 0.000010 0.000010 0.003096
0.000010 0.745385 0.000010 0.002524 0.003849 0.075165 0.000010 0.169683 0.000010 0.000023 0.003332
0.004563 0.760759 0.000010 0.000010 0.087169 0.084270 0.000010 0.062538 0.000010 0.000010 0.000650
0.004102 0.732906 0.000010 0.001348 0.031343 0.097127 0.002802 0.121128 0.000010 0.009213 0.000010
0.000274 0.751256 0.000010 0.000010 0.074810 0.085506 0.000010 0.088095 0.000010 0.000010 0.000010
0.000010 0.656290 0.005440 0.006206 0.019218 0.139075 0.000014 0.163620 0.000010 0.010107 0.000010
0.007611 0.699076 0.000010 0.004103 0.012892 0.149740 0.000010 0.126528 0.000010 0.000010 0.000010
0.000010 0.712616 0.000010 0.000010 0.040638 0.106552 0.000010 0.140123 0.000010 0.000010 0.000010
0.000010 0.710834 0.001309 0.003381 0.021784 0.101064 0.002060 0.150940 0.002250 0.003362 0.003006
0.000010 0.000010 0.000010 0.999900 0.000010 0.000010 0.000010 0.000010 0.000010 0.000010 0.000010
0.000010 0.000010 0.000010 0.999897 0.000010 0.000010 0.000010 0.000010 0.000013 0.000010 0.000010
0.000010 0.000010 0.000010 0.999900 0.000010 0.000010 0.000010 0.000010 0.000010 0.000010 0.000010
0.000010 0.000010 0.000010 0.999900 0.000010 0.000010 0.000010 0.000010 0.000010 0.000010 0.000010
0.000012 0.000010 0.000010 0.999898 0.000010 0.000010 0.000010 0.000010 0.000010 0.000010 0.000010
0.000010 0.000010 0.000010 0.999900 0.000010 0.000010 0.000010 0.000010 0.000010 0.000010 0.000010
0.000010 0.000010 0.000010 0.999900 0.000010 0.000010 0.000010 0.000010 0.000010 0.000010 0.000010
0.000010 0.000010 0.000010 0.999900 0.000010 0.000010 0.000010 0.000010 0.000010 0.000010 0.000010
0.000010 0.000010 0.000010 0.999900 0.000010 0.000010 0.000010 0.000010 0.000010 0.000010 0.000010
0.000010 0.000010 0.000010 0.999900 0.000010 0.000010 0.000010 0.000010 0.000010 0.000010 0.000010
0.000010 0.000010 0.000010 0.999900 0.000010 0.000010 0.000010 0.000010 0.000010 0.000010 0.000010
0.000010 0.000010 0.000010 0.999900 0.000010 0.000010 0.000010 0.000010 0.000010 0.000010 0.000010
0.000010 0.000010 0.000010 0.999900 0.000010 0.000010 0.000010 0.000010 0.000010 0.000010 0.000010
0.000010 0.000010 0.000010 0.999900 0.000010 0.000010 0.000010 0.000010 0.000010 0.000010 0.000010
0.000010 0.102981 0.000010 0.006941 0.000010 0.628998 0.009760 0.251260 0.000010 0.000010 0.000010
0.000686 0.083012 0.003767 0.000628 0.000010 0.655161 0.009499 0.247207 0.000010 0.000010 0.000010
0.000010 0.123670 0.006252 0.002568 0.000010 0.623272 0.011775 0.223269 0.004138 0.005026 0.000010
0.000010 0.070738 0.005920 0.011263 0.000010 0.664622 0.000670 0.245750 0.000998 0.000010 0.000010
0.006783 0.117313 0.000334 0.001836 0.009789 0.585809 0.018713 0.257541 0.000877 0.000995 0.000010
0.000010 0.101555 0.007411 0.004300 0.000010 0.640079 0.006481 0.233734 0.000010 0.000010 0.006400
0.000010 0.114769 0.005116 0.006429 0.027093 0.557388 0.012711 0.276454 0.000010 0.000010 0.000010
0.000626 0.092261 0.004551 0.000010 0.000010 0.644852 0.009284 0.248376 0.000010 0.000010 0.000010
0.000010 0.088082 0.006295 0.000010 0.000010 0.638423 0.015748 0.248617 0.000010 0.002784 0.000010
0.000010 0.120854 0.000761 0.001335 0.013283 0.554412 0.014395 0.280878 0.000201 0.011643 0.002227
0.000010 0.068776 0.007871 0.006466 0.000010 0.671217 0.011884 0.233736 0.000010 0.000010 0.000010
0.001877 0.061069 0.000010 0.000010 0.000010 0.709119 0.011002 0.203480 0.013403 0.000010 0.000010
0.003042 0.133391 0.006314 0.002457 0.000010 0.593069 0.012291 0.248163 0.000010 0.000659 0.000594
0.000010 0.109184 0.001132 0.004232 0.000010 0.631206 0.006629 0.238042 0.009536 0.000010 0.000010
0.000010 0.070860 0.000010 0.003636 0.004170 0.670645 0.022875 0.226237 0.000010 0.001537 0.000010
0.003603 0.118769 0.007082 0.000010 0.016834 0.587410 0.013962 0.244534 0.007776 0.000010 0.000010
0.006691 0.053906 0.005191 0.000010 0.000010 0.684967 0.004946 0.243023 0.001238 0.000010 0.000010
0.000715 0.096762 0.005332 0.006484 0.000010 0.665062 0.008889 0.213942 0.000010 0.002784 0.000010
0.006057 0.087165 0.011321 0.008091 0.000010 0.622563 0.007906 0.249696 0.004207 0.002974 0.000010
0.000010 0.109310 0.001354 0.005559 0.000010 0.572222 0.016518 0.282394 0.000010 0.009804 0.002808
0.001129 0.116607 0.004858 0.005949 0.000010 0.556799 0.004102 0.306483 0.000010 0.000010 0.004043
0.002086 0.127745 0.003276 0.011777 0.009101 0.572414 0.015792 0.257779 0.000010 0.000010 0.000010
0.008724 0.125863 0.005567 0.000010 0.015383 0.559864 0.018037 0.263999 0.000010 0.002532 0.000010
0.000010 0.061409 0.008018 0.001054 0.000010 0.706706 0.003096 0.212700 0.000010 0.000010 0.006977
0.004563 0.121840 0.006695 0.000010 0.018732 0.572987 0.014564 0.256870 0.000586 0.000010 0.003143
0.000010 0.125749 0.000010 0.000010 0.020651 0.547321 0.020867 0.282570 0.000010 0.002792 0.000010
0.000060 0.152892 0.000010 0.005473 0.020415 0.545784 0.013655 0.261680 0.000010 0.000010 0.000010
0.000012 0.062472 0.005118 0.012183 0.000010 0.657607 0.017616 0.244952 0.000010 0.000010 0.000010
0.006505 0.109854 0.002488 0.006673 0.000010 0.630055 0.014438 0.229353 0.000010 0.000010 0.000604
0.000010 0.105285 0.001433 0.000014 0.000010 0.606287 0.015493 0.260368 0.000010 0.011078 0.000010
0.005357 0.106886 0.007144 0.007989 0.009887 0.629519 0.003305 0.229881 0.000010 0.000010 0.000010
0.009214 0.123942 0.002278 0.006397 0.000010 0.570459 0.005043 0.282626 0.000010 0.000010 0.000010
0.001677 0.100100 0.010851 0.003352 0.000010 0.604806 0.014679 0.261544 0.002959 0.000010 0.000010
0.002027 0.115020 0.002579 0.004406 0.001646 0.646741 0.004847 0.216867 0.000010 0.005845 0.000010
0.000010 0.126945 0.002663 0.007057 0.033004 0.550566 0.009281 0.270305 0.000010 0.000149 0.000010
0.000010 0.098690 0.000389 0.007390 0.000010 0.623282 0.014982 0.255217 0.000010 0.000010 0.000010
0.000010 0.154980 0.004203 0.002521 0.009826 0.555093 0.009086 0.256508 0.001897 0.005865 0.000010
0.000010 0.079805 0.007835 0.000010 0.000010 0.671811 0.000010 0.236401 0.000010 0.004089 0.000010
0.004210 0.133879 0.008156 0.006761 0.000010 0.585670 0.013364 0.247919 0.000010 0.000010 0.000010
0.000525 0.000010 0.013580 0.000421 0.030385 0.273438 0.034659 0.646951 0.000010 0.000010 0.000010
0.000010 0.023691 0.004445 0.000010 0.000010 0.399537 0.041015 0.531027 0.000010 0.000010 0.000234
0.010221 0.093982 0.011765 0.000010 0.021687 0.397155 0.084436 0.376397 0.000010 0.001551 0.002786
0.000010 0.000010 0.017045 0.000010 0.010601 0.283113 0.010557 0.678624 0.000010 0.000010 0.000010
0.000010 0.101807 0.000420 0.000010 0.006476 0.352998 0.156281 0.373045 0.000010 0.003636 0.005308
0.000010 0.000010 0.011079 0.000010 0.018185 0.244858 0.000010 0.725808 0.000010 0.000010 0.000010
0.011082 0.074032 0.006191 0.000010 0.048721 0.464321 0.070593 0.323611 0.000010 0.001419 0.000010
0.000010 0.062110 0.000010 0.005360 0.022474 0.473670 0.081963 0.351009 0.000010 0.003375 0.000010
0.012207 0.057528 0.004047 0.003397 0.027237 0.451803 0.052302 0.386206 0.004258 0.000010 0.001006
0.000010 0.000010 0.018054 0.000010 0.035521 0.228001 0.000010 0.718293 0.000071 0.000010 0.000010
0.003826 0.000010 0.008411 0.000010 0.001612 0.289586 0.012763 0.683752 0.000010 0.000010 0.000010
0.000010 0.097868 0.019157 0.000823 0.012591 0.445842 0.052396 0.371284 0.000010 0.000010 0.000010
0.003842 0.062282 0.005030 0.000071 0.013501 0.404015 0.113299 0.390527 0.000010 0.007412 0.000010
0.000973 0.070846 0.009151 0.001304 0.021773 0.417694 0.063703 0.405703 0.000010 0.000010 0.008834
0.000010 0.000010 0.018762 0.000010 0.013752 0.288829 0.022398 0.656199 0.000010 0.000010 0.000010
0.000010 0.000010 0.009592 0.000222 0.000010 0.336707 0.043266 0.610153 0.000010 0.000010 0.000010
0.007587 0.080315 0.012181 0.000010 0.059346 0.388277 0.048820 0.399923 0.000010 0.000131 0.003399
0.005338 0.073904 0.001591 0.003083 0.057504 0.411164 0.062094 0.378871 0.000010 0.000010 0.006432
0.000010 0.073206 0.008162 0.002515 0.040309 0.435684 0.065936 0.362779 0.011378 0.000010 0.000010
0.000010 0.111343 0.016571 0.011902 0.027571 0.398953 0.063311 0.370310 0.000010 0.000010 0.000010
0.001294 0.000010 0.005772 0.000010 0.014814 0.241073 0.020729 0.716268 0.000010 0.000010 0.000010
0.000010 0.000010 0.011975 0.000010 0.002944 0.265919 0.007217 0.711886 0.000010 0.000010 0.000010
0.003965 0.067249 0.011385 0.000492 0.014078 0.404855 0.123347 0.369165 0.003133 0.002320 0.000010
0.000010 0.096604 0.012878 0.000010 0.023089 0.382480 0.105640 0.369040 0.000010 0.000010 0.010229
0.008831 0.100484 0.000010 0.004106 0.020513 0.419722 0.096901 0.347828 0.000558 0.001037 0.000010
0.005431 0.000010 0.006061 0.003495 0.010974 0.326233 0.032974 0.614793 0.000010 0.000010 0.000010
0.000124 0.066580 0.008104 0.004026 0.015475 0.458089 0.076855 0.358776 0.007983 0.003979 0.000010
0.000010 0.093619 0.016810 0.000641 0.000010 0.384183 0.108444 0.390212 0.006052 0.000010 0.000010
0.009644 0.048454 0.008948 0.001862 0.002068 0.393608 0.048324 0.487063 0.000010 0.000010 0.000010
0.004381 0.088443 0.014082 0.001087 0.022022 0.352065 0.118951 0.392760 0.002165 0.000010 0.004034
0.000010 0.000010 0.017315 0.000010 0.032025 0.322440 0.017804 0.610356 0.000010 0.000010 0.000010
0.002588 0.051297 0.000010 0.008093 0.008558 0.492387 0.062677 0.372182 0.000010 0.002189 0.000010
0.008053 0.000010 0.015481 0.000010 0.005266 0.288294 0.000268 0.682588 0.000010 0.000010 0.000010
0.003575 0.081344 0.000010 0.010391 0.016328 0.449362 0.062808 0.372029 0.000010 0.001545 0.002598
0.000372 0.083429 0.002020 0.000010 0.025956 0.437694 0.096936 0.341951 0.000010 0.000010 0.011612
0.000010 0.074818 0.005350 0.000415 0.008863 0.358664 0.153903 0.397009 0.000947 0.000010 0.000010
0.000496 0.077080 0.007355 0.000805 0.035011 0.411403 0.059080 0.399261 0.000010 0.001745 0.007755
0.006429 0.000010 0.009799 0.000010 0.009756 0.299526 0.023714 0.648582 0.002153 0.000010 0.000010
0.000783 0.000010 0.011186 0.000010 0.025660 0.239846 0.000010 0.722465 0.000010 0.000010 0.000010
0.004057 0.000010 0.015082 0.000010 0.016659 0.313889 0.014636 0.631074 0.000010 0.000010 0.004564
0.005297 0.000010 0.004118 0.000010 0.017186 0.309847 0.036688 0.626744 0.000010 0.000010 0.000079
0.000320 0.000010 0.020164 0.000010 0.037911 0.303908 0.001056 0.636591 0.000010 0.000010 0.000010
0.000783 0.089127 0.000959 0.001268 0.043304 0.491245 0.047394 0.308689 0.000010 0.000010 0.017211
0.000010 0.000010 0.000010 0.797812 0.000010 0.000010 0.000010 0.000010 0.000010 0.202098 0.000010
0.000010 0.000010 0.000010 0.797728 0.000010 0.000010 0.000010 0.000010 0.000010 0.202182 0.000010
