0.008647 0.001550 0.052693 0.902727 0.006803 0.027581
0.001710 0.000010 0.020073 0.938405 0.000010 0.039792
0.002731 0.000010 0.006024 0.991215 0.000010 0.000010
0.018284 0.014190 0.107240 0.812597 0.002772 0.044917
0.012104 0.026919 0.040095 0.888077 0.000010 0.032796
0.003521 0.000010 0.034796 0.958844 0.000010 0.002820
0.007814 0.011210 0.233483 0.721052 0.008855 0.017586
0.021294 0.020337 0.159981 0.680806 0.009576 0.108006
0.000010 0.801566 0.058172 0.000010 0.140233 0.000010
0.000010 0.787512 0.046898 0.000010 0.165559 0.000010
0.000010 0.772695 0.016511 0.000010 0.210763 0.000010
0.000010 0.719610 0.017596 0.000010 0.262764 0.000010
0.000010 0.586163 0.000010 0.000010 0.413797 0.000010
0.000010 0.685491 0.017113 0.000010 0.297366 0.000010
0.000018 0.507018 0.000010 0.000010 0.492934 0.000010
0.000010 0.777848 0.003585 0.000010 0.218536 0.000010
0.000010 0.628285 0.000010 0.000010 0.371675 0.000010
0.000010 0.627702 0.012922 0.000010 0.359346 0.000010
0.000010 0.639267 0.000010 0.000010 0.360693 0.000010
0.000011 0.787221 0.085629 0.000010 0.127119 0.000010
0.000010 0.618906 0.008465 0.000010 0.372599 0.000010
0.000010 0.836880 0.017750 0.000010 0.145340 0.000010
0.000010 0.630191 0.000010 0.000010 0.369769 0.000010
0.000010 0.783303 0.009548 0.000010 0.207119 0.000010
0.000010 0.809497 0.078148 0.000010 0.112325 0.000010
0.000018 0.492477 0.000010 0.000010 0.507475 0.000010
0.000010 0.628419 0.000010 0.000010 0.371541 0.000010
0.000010 0.626021 0.000010 0.000010 0.373939 0.000010
0.000010 0.523336 0.000010 0.000010 0.476624 0.000010
0.000010 0.851543 0.008965 0.000010 0.139462 0.000010
0.000010 0.652193 0.000010 0.000010 0.347767 0.000010
0.000010 0.594705 0.000010 0.000010 0.405255 0.000010
0.000010 0.568129 0.000010 0.000010 0.431831 0.000010
0.000010 0.517044 0.000010 0.000010 0.482916 0.000010
0.001493 0.900000 0.000012 0.000010 0.098474 0.000010
0.000010 0.903083 0.000010 0.000010 0.096877 0.000010
0.000010 0.905534 0.000010 0.000010 0.094426 0.000010
0.015917 0.519566 0.296451 0.000010 0.113127 0.054930
0.014388 0.500302 0.274297 0.000010 0.128229 0.082775
0.000010 0.375374 0.544558 0.000010 0.080038 0.000010
0.000010 0.508774 0.415984 0.000010 0.075212 0.000010
0.000010 0.573143 0.000010 0.000010 0.426817 0.000010
0.000010 0.746517 0.000010 0.000010 0.253443 0.000010
0.009493 0.894231 0.000011 0.000010 0.096245 0.000010
0.000010 0.907786 0.012882 0.000010 0.079302 0.000010
0.014201 0.494400 0.296343 0.000010 0.117916 0.077130
0.000636 0.539048 0.285568 0.000010 0.111846 0.062892
0.020825 0.530149 0.276007 0.000010 0.102252 0.070758
0.002104 0.721817 0.171081 0.000010 0.104979 0.000010
0.000011 0.840889 0.040747 0.000010 0.118333 0.000010
0.000010 0.539316 0.000010 0.000010 0.460644 0.000010
0.000010 0.731594 0.000378 0.000010 0.267997 0.000010
0.000010 0.718048 0.000010 0.000010 0.281912 0.000010
0.000010 0.913730 0.000010 0.000010 0.086230 0.000010
0.018210 0.510684 0.292291 0.000010 0.118560 0.060245
0.008245 0.510281 0.290644 0.000010 0.127582 0.063237
0.002256 0.543798 0.283877 0.000010 0.120683 0.049376
0.000010 0.851849 0.039459 0.000010 0.108661 0.000010
0.009337 0.303228 0.621333 0.000029 0.052388 0.013685
0.007169 0.908230 0.000011 0.000010 0.084571 0.000010
0.000010 0.907099 0.000010 0.000010 0.092861 0.000010
0.006017 0.900099 0.000010 0.000010 0.093854 0.000010
0.006077 0.522542 0.302760 0.000010 0.105133 0.063477
0.010003 0.524117 0.299140 0.000010 0.110990 0.055740
0.013183 0.507721 0.285601 0.000010 0.111013 0.082473
0.000104 0.582818 0.327306 0.000362 0.089400 0.000010
0.000010 0.307547 0.299670 0.000010 0.392752 0.000010
0.000010 0.547339 0.000010 0.000010 0.452621 0.000010
0.000010 0.709907 0.000010 0.000010 0.290053 0.000010
0.012207 0.903376 0.000010 0.000010 0.084387 0.000010
0.005925 0.898909 0.000010 0.000010 0.095136 0.000010
0.012898 0.560818 0.279586 0.000856 0.100416 0.045426
0.008494 0.518761 0.306892 0.000010 0.111483 0.054359
0.001068 0.432208 0.476397 0.000111 0.073219 0.016997
0.000010 0.739051 0.163867 0.000010 0.097052 0.000010
0.000010 0.529314 0.000010 0.000010 0.470646 0.000010
0.000010 0.713098 0.010872 0.000010 0.275999 0.000010
0.016480 0.894352 0.000010 0.000016 0.089132 0.000010
0.014634 0.508131 0.325735 0.000010 0.108946 0.042544
0.008869 0.533148 0.290093 0.000010 0.108054 0.059826
0.008449 0.547309 0.270257 0.000010 0.109277 0.064698
0.011934 0.469963 0.337032 0.000010 0.111965 0.069094
0.000252 0.428837 0.481758 0.000010 0.089132 0.000010
0.000010 0.775427 0.114364 0.000010 0.110179 0.000010
0.000010 0.235612 0.429839 0.000010 0.316983 0.017546
0.000010 0.596767 0.016557 0.000010 0.386645 0.000010
0.000010 0.699949 0.016226 0.000010 0.283795 0.000010
0.000010 0.727199 0.000010 0.000010 0.272761 0.000010
0.005542 0.887776 0.012290 0.000013 0.094370 0.000010
0.000587 0.903725 0.000010 0.000010 0.095658 0.000010
0.008790 0.482863 0.354249 0.000010 0.106955 0.047132
0.007008 0.479475 0.315575 0.000010 0.107377 0.090555
0.012943 0.520160 0.305931 0.000010 0.118479 0.042476
0.000010 0.394242 0.523925 0.000010 0.081802 0.000010
0.000010 0.447262 0.440250 0.000010 0.072955 0.039513
0.000010 0.255642 0.486430 0.000010 0.254547 0.003361
0.000010 0.557805 0.000010 0.000010 0.442155 0.000010
0.000010 0.702384 0.007326 0.000010 0.290259 0.000010
0.000010 0.747003 0.014042 0.000010 0.238925 0.000010
0.011308 0.467900 0.345883 0.000010 0.110200 0.064699
0.017699 0.517547 0.300965 0.000010 0.117784 0.045995
0.000010 0.443568 0.452933 0.000010 0.103470 0.000010
0.007143 0.464933 0.448321 0.000010 0.079584 0.000010
0.000856 0.175204 0.614825 0.000010 0.200405 0.008700
0.000010 0.509576 0.000017 0.000010 0.490376 0.000010
0.000010 0.702923 0.007656 0.000010 0.289392 0.000010
0.056964 0.056702 0.075841 0.009859 0.054879 0.745755
0.056019 0.061546 0.061742 0.003379 0.046393 0.770922
0.051063 0.064037 0.058515 0.008708 0.063023 0.754655
0.045416 0.069396 0.055882 0.004222 0.043042 0.782041
0.043250 0.070237 0.060236 0.003043 0.050766 0.772467
0.051317 0.060349 0.053209 0.002390 0.041979 0.790756
0.057974 0.051347 0.065731 0.001631 0.051350 0.771967
0.050676 0.072365 0.122243 0.008064 0.062904 0.683749
0.063605 0.039358 0.067802 0.029280 0.048820 0.751135
0.048165 0.046914 0.044578 0.006490 0.061308 0.792545
0.053319 0.053172 0.067014 0.000010 0.058121 0.768364
0.058050 0.058821 0.077797 0.024057 0.055905 0.725370
0.052156 0.060722 0.081449 0.009433 0.059413 0.736826
0.054144 0.055552 0.074532 0.000010 0.047974 0.767787
0.055189 0.065816 0.024139 0.016585 0.056731 0.781540
0.051911 0.069298 0.098360 0.000010 0.049497 0.730923
0.072983 0.083506 0.056862 0.027123 0.057264 0.702261
0.055255 0.050346 0.081031 0.035449 0.052533 0.725386
0.054554 0.058275 0.076496 0.000010 0.053988 0.756678
0.051294 0.041105 0.096420 0.050330 0.045395 0.715457
0.051974 0.055095 0.083540 0.011094 0.054724 0.743574
0.054194 0.060031 0.064582 0.000010 0.051677 0.769507
0.046062 0.046821 0.113913 0.000010 0.046708 0.746486
0.072479 0.107410 0.046168 0.004287 0.053137 0.716519
0.065448 0.075879 0.073191 0.002920 0.051923 0.730640
0.052526 0.046489 0.084138 0.019367 0.039809 0.757671
0.041785 0.049405 0.077638 0.006247 0.051218 0.773707
0.050702 0.054630 0.079801 0.004658 0.061983 0.748226
0.052192 0.112631 0.105882 0.000010 0.049889 0.679396
0.052937 0.045947 0.082969 0.000988 0.065184 0.751974
0.046714 0.055675 0.056077 0.003297 0.048950 0.789287
0.034987 0.057806 0.111401 0.046723 0.046161 0.702921
0.038992 0.060018 0.065427 0.010974 0.051063 0.773526
0.054820 0.054861 0.141930 0.000010 0.056454 0.691926
0.046004 0.049331 0.072114 0.000010 0.054225 0.778315
0.045001 0.058022 0.071309 0.009220 0.055902 0.760546
0.054859 0.088402 0.052193 0.020437 0.047418 0.736690
0.067718 0.080261 0.018885 0.009464 0.050313 0.773360
0.053464 0.076265 0.085047 0.010689 0.053050 0.721485
0.050314 0.077408 0.056016 0.014824 0.046323 0.755114
0.049681 0.081340 0.082856 0.041952 0.044798 0.699373
0.023448 0.486538 0.149623 0.000010 0.063244 0.277137
0.031546 0.495247 0.153313 0.001199 0.065606 0.253089
0.036878 0.458351 0.195377 0.000010 0.052294 0.257090
0.037175 0.457827 0.156661 0.000010 0.068143 0.280184
0.033931 0.446530 0.149207 0.001995 0.054223 0.314115
0.034804 0.480717 0.171276 0.000010 0.067555 0.245639
0.030532 0.472966 0.157935 0.001966 0.067803 0.268799
0.038864 0.456219 0.151276 0.001963 0.048035 0.303644
0.014740 0.465700 0.164369 0.000291 0.057802 0.297098
0.032875 0.499331 0.142569 0.000010 0.043060 0.282155
0.039320 0.483026 0.145435 0.000010 0.048754 0.283455
0.035288 0.445012 0.174296 0.000010 0.062939 0.282455
0.034529 0.482698 0.151599 0.000010 0.049421 0.281742
0.021913 0.483265 0.173636 0.005628 0.064052 0.251507
0.049852 0.040877 0.067094 0.023855 0.052844 0.765478
0.038929 0.049169 0.070106 0.012567 0.044170 0.785060
0.045587 0.048996 0.073854 0.056210 0.039667 0.735686
0.044937 0.053483 0.092615 0.005440 0.045749 0.757777
0.046705 0.067635 0.065489 0.040000 0.040805 0.739367
0.052916 0.037629 0.071971 0.021609 0.051577 0.764297
0.051115 0.060160 0.097171 0.057451 0.055020 0.679082
0.033584 0.052048 0.098973 0.048014 0.044712 0.722669
0.048784 0.045141 0.066190 0.028649 0.047340 0.763896
0.040934 0.043984 0.075163 0.049169 0.053109 0.737641
0.042281 0.046356 0.103432 0.024671 0.041292 0.741969
0.039793 0.053798 0.049541 0.039829 0.046210 0.770829
0.054424 0.042071 0.065235 0.049520 0.051542 0.737208
0.041192 0.062767 0.076144 0.077730 0.025527 0.716639
0.045746 0.038816 0.050495 0.034412 0.052202 0.778329
0.037356 0.053625 0.095623 0.013865 0.044163 0.755369
0.040721 0.045210 0.062195 0.039714 0.043782 0.768379
0.051919 0.041301 0.063250 0.002352 0.062229 0.778949
0.040390 0.061816 0.074323 0.018968 0.047479 0.757024
0.039754 0.058884 0.050050 0.038559 0.048110 0.764644
0.083084 0.117038 0.035642 0.008563 0.061560 0.694113
0.083147 0.123771 0.047791 0.006052 0.058001 0.681237
0.080787 0.107586 0.091254 0.000010 0.068934 0.651429
0.083511 0.098997 0.030290 0.000010 0.062625 0.724567
0.080625 0.109965 0.057442 0.000610 0.066192 0.685166
0.090478 0.102158 0.064587 0.005335 0.066508 0.670935
0.071721 0.098244 0.108356 0.004672 0.061045 0.655963
0.069011 0.112495 0.078915 0.001435 0.064379 0.673765
0.082699 0.108817 0.072099 0.000010 0.066449 0.669926
0.065015 0.118048 0.112070 0.000010 0.057303 0.647554
0.079419 0.111613 0.057053 0.014616 0.069792 0.667508
0.085541 0.124957 0.021251 0.001120 0.071010 0.696121
0.069487 0.116680 0.088656 0.000010 0.061546 0.663621
0.072554 0.112132 0.104777 0.004300 0.069239 0.636998
0.071103 0.111111 0.087636 0.006907 0.056592 0.666651
0.078426 0.138541 0.049557 0.008278 0.064925 0.660274
0.077867 0.114158 0.106661 0.010717 0.064356 0.626241
0.076690 0.111869 0.060488 0.003040 0.069416 0.678497
0.063197 0.080975 0.182498 0.000010 0.064079 0.609241
0.061528 0.114218 0.140470 0.001370 0.061541 0.620874
0.055184 0.103779 0.182718 0.000010 0.057012 0.601298
0.072511 0.100242 0.120759 0.000010 0.069048 0.637431
0.058220 0.094405 0.181052 0.000010 0.061508 0.604805
0.061023 0.104497 0.148781 0.000010 0.068700 0.616989
0.066617 0.113853 0.119637 0.004241 0.062546 0.633105
0.073182 0.100834 0.140786 0.000909 0.071457 0.612832
0.072981 0.109750 0.094239 0.000010 0.064422 0.658597
0.061712 0.082583 0.179658 0.000010 0.060191 0.615846
0.044612 0.084349 0.157826 0.000010 0.059739 0.653464
0.063072 0.112199 0.142433 0.000010 0.066138 0.616147
0.063944 0.111760 0.124015 0.000836 0.061208 0.638238
0.079917 0.106877 0.109662 0.000010 0.064368 0.639166
0.051584 0.091764 0.174463 0.000010 0.060072 0.622108
0.081202 0.128198 0.105084 0.000010 0.064629 0.620877
0.050882 0.093807 0.166692 0.000010 0.065273 0.623336
0.061563 0.102165 0.149966 0.001607 0.056613 0.628086
0.064823 0.103185 0.133733 0.000010 0.075059 0.623190
0.054563 0.080562 0.092654 0.000010 0.073533 0.698678
0.059602 0.072088 0.092823 0.000010 0.077285 0.698192
0.060215 0.088815 0.115286 0.000010 0.062521 0.673153
0.057539 0.075990 0.119868 0.000010 0.067371 0.679222
0.057430 0.072663 0.078589 0.000010 0.082122 0.709186
0.065105 0.070119 0.084623 0.000010 0.080767 0.699376
0.062866 0.080608 0.094577 0.000010 0.077021 0.684918
0.063174 0.083839 0.107289 0.000010 0.065960 0.679728
0.063148 0.082698 0.116305 0.000010 0.072300 0.665540
0.057791 0.074857 0.126830 0.000010 0.080499 0.660013
0.057415 0.093756 0.109626 0.000010 0.070608 0.668585
0.063048 0.076960 0.064411 0.000010 0.078444 0.717127
0.061680 0.080633 0.116883 0.000010 0.068012 0.672783
0.057086 0.081932 0.083437 0.000010 0.067390 0.710144
0.055156 0.069141 0.089875 0.000010 0.075426 0.710392
0.052972 0.066007 0.085725 0.000010 0.085288 0.709997
0.062711 0.087716 0.086433 0.000010 0.071360 0.691770
0.066749 0.074217 0.099757 0.000010 0.075547 0.683720
0.078134 0.204413 0.093271 0.002443 0.066675 0.555063
0.066102 0.179464 0.124216 0.000010 0.068626 0.561583
0.075179 0.182182 0.099015 0.004516 0.074885 0.564223
0.069796 0.200040 0.086040 0.000010 0.057715 0.586400
0.064972 0.178444 0.079051 0.002045 0.071452 0.604035
0.070472 0.182598 0.114097 0.000010 0.067906 0.564917
0.074917 0.177613 0.070909 0.000010 0.073706 0.602845
0.070810 0.180578 0.111214 0.000010 0.061705 0.575683
0.074322 0.189939 0.118829 0.001592 0.073845 0.541474
0.070706 0.192786 0.088058 0.000010 0.069199 0.579241
0.070655 0.181821 0.110071 0.000010 0.078204 0.559240
0.074278 0.173516 0.064248 0.000827 0.063189 0.623941
0.068154 0.182046 0.098788 0.000010 0.068687 0.582315
0.061427 0.187896 0.118694 0.000010 0.072006 0.559966
0.076639 0.202024 0.091241 0.000010 0.066413 0.563673
0.072115 0.181120 0.115239 0.000010 0.069988 0.561528
0.071784 0.177082 0.098892 0.001054 0.077055 0.574133
0.063323 0.192864 0.101893 0.000010 0.066828 0.575082
0.063325 0.181319 0.134963 0.000010 0.057536 0.562846
0.069453 0.163927 0.112362 0.000010 0.071985 0.582263
0.064525 0.181567 0.099861 0.000010 0.070739 0.583298
0.067750 0.169554 0.080231 0.000010 0.076494 0.605961
0.068340 0.176915 0.096261 0.000010 0.076168 0.582307
0.000010 0.000010 0.000013 0.999947 0.000010 0.000010
0.000010 0.000013 0.000010 0.999947 0.000010 0.000010
0.000010 0.000010 0.000010 0.999950 0.000010 0.000010
0.000010 0.000013 0.000010 0.999947 0.000010 0.000010
0.000010 0.000010 0.000010 0.999950 0.000010 0.000010
0.000010 0.000013 0.000010 0.999947 0.000010 0.000010
0.000010 0.000010 0.000010 0.999950 0.000010 0.000010
0.000010 0.000010 0.000010 0.999950 0.000010 0.000010
0.000010 0.000010 0.000010 0.999950 0.000010 0.000010
0.000010 0.000010 0.000012 0.999948 0.000010 0.000010
0.000010 0.000010 0.000012 0.999947 0.000011 0.000010
0.000010 0.000010 0.000010 0.999950 0.000010 0.000010
0.000010 0.000010 0.000010 0.999950 0.000010 0.000010
0.000010 0.000010 0.000010 0.999950 0.000010 0.000010
0.000010 0.000010 0.000012 0.999947 0.000011 0.000010
0.000010 0.000010 0.000010 0.999950 0.000010 0.000010
0.000010 0.000010 0.000010 0.999950 0.000010 0.000010
0.000010 0.000011 0.000010 0.999949 0.000010 0.000010
0.000010 0.000010 0.000011 0.999949 0.000010 0.000010
0.000010 0.000010 0.000010 0.999950 0.000010 0.000010
0.000010 0.000013 0.000010 0.999945 0.000012 0.000010
0.000010 0.000014 0.000010 0.999945 0.000011 0.000010
0.000250 0.000010 0.850746 0.000010 0.018907 0.130076
0.004636 0.001053 0.816759 0.002291 0.014631 0.160631
0.003588 0.001527 0.817775 0.006691 0.018244 0.152176
0.007384 0.004632 0.840913 0.001166 0.020821 0.125084
0.000010 0.000450 0.864809 0.003365 0.014025 0.117340
0.004141 0.000010 0.801754 0.000010 0.016004 0.178080
0.000010 0.000860 0.839886 0.005842 0.017940 0.135462
0.008815 0.001455 0.864946 0.000649 0.003459 0.120677
0.009231 0.000010 0.874583 0.001854 0.018430 0.095891
0.000010 0.000010 0.845441 0.000010 0.012795 0.141734
0.000690 0.007171 0.862332 0.000010 0.018242 0.111555
0.000010 0.000010 0.835992 0.004954 0.012135 0.146899
0.000010 0.000010 0.836935 0.008516 0.022119 0.132410
0.005706 0.000010 0.845341 0.000010 0.016172 0.132761
0.008105 0.000767 0.835718 0.003768 0.017829 0.133813
0.011456 0.000010 0.837104 0.005779 0.013318 0.132333
0.007271 0.003423 0.820136 0.004932 0.014490 0.149748
0.002241 0.001229 0.889944 0.004662 0.005147 0.096776
0.003648 0.002810 0.864048 0.000010 0.024351 0.105132
0.004426 0.006150 0.856941 0.005363 0.013724 0.113396
0.000221 0.000010 0.859788 0.000010 0.019626 0.120345
0.007626 0.011474 0.802121 0.010228 0.001201 0.167350
0.002906 0.000010 0.841747 0.002533 0.015143 0.137661
0.001470 0.000010 0.842603 0.002854 0.009274 0.143789
0.004269 0.007516 0.848737 0.007960 0.005899 0.125619
0.999950 0.000010 0.000010 0.000010 0.000010 0.000010
0.999950 0.000010 0.000010 0.000010 0.000010 0.000010
0.999950 0.000010 0.000010 0.000010 0.000010 0.000010
0.999950 0.000010 0.000010 0.000010 0.000010 0.000010
0.999950 0.000010 0.000010 0.000010 0.000010 0.000010
0.999944 0.000010 0.000016 0.000010 0.000010 0.000010
0.999950 0.000010 0.000010 0.000010 0.000010 0.000010
0.999950 0.000010 0.000010 0.000010 0.000010 0.000010
0.999950 0.000010 0.000010 0.000010 0.000010 0.000010
0.999950 0.000010 0.000010 0.000010 0.000010 0.000010
0.999949 0.000010 0.000011 0.000010 0.000010 0.000010
0.999946 0.000010 0.000012 0.000012 0.000010 0.000010
0.999950 0.000010 0.000010 0.000010 0.000010 0.000010
0.999950 0.000010 0.000010 0.000010 0.000010 0.000010
0.003980 0.000010 0.333482 0.019026 0.000010 0.643492
0.000010 0.000010 0.314030 0.021963 0.000238 0.663749
0.002243 0.003264 0.355005 0.025820 0.003508 0.610160
0.009859 0.000010 0.307872 0.015155 0.000010 0.667095
0.001670 0.000010 0.341645 0.028879 0.006781 0.621016
0.004194 0.001610 0.336771 0.023370 0.000407 0.633647
0.006737 0.000010 0.334227 0.029301 0.000010 0.629716
0.000010 0.000010 0.319595 0.022132 0.000495 0.657758
0.000010 0.000010 0.320363 0.032112 0.000010 0.647495
0.001227 0.011218 0.337691 0.027237 0.001073 0.621554
0.003984 0.000010 0.311582 0.029302 0.000174 0.654948
0.000010 0.000010 0.295445 0.016639 0.012698 0.675198
0.000012 0.000010 0.356870 0.028917 0.003883 0.610307
0.001992 0.000010 0.335479 0.016547 0.007053 0.638918
0.003898 0.000010 0.294087 0.029514 0.000010 0.672481
0.000010 0.000010 0.337085 0.031045 0.010596 0.621253
0.000010 0.000010 0.292194 0.019481 0.006676 0.681629
0.004356 0.000010 0.335304 0.023184 0.003264 0.633882
0.006311 0.001012 0.322367 0.030496 0.008754 0.631061
0.003925 0.007007 0.334315 0.030043 0.000010 0.624700
0.002715 0.000010 0.350644 0.023333 0.001356 0.621943
0.009593 0.000010 0.346297 0.029715 0.001744 0.612641
0.000010 0.000010 0.342815 0.034403 0.009365 0.613397
0.000010 0.002959 0.310943 0.020148 0.001565 0.664374
0.000010 0.000010 0.336817 0.032043 0.008015 0.623105
0.000574 0.000433 0.343009 0.032357 0.000010 0.623616
0.005515 0.000010 0.370093 0.023895 0.000551 0.599936
0.010280 0.000010 0.291096 0.031985 0.000010 0.666619
0.004187 0.000010 0.340000 0.025042 0.006228 0.624533
0.000010 0.004557 0.338929 0.028284 0.000010 0.628209
0.007938 0.000010 0.326664 0.019475 0.005918 0.639995
0.003867 0.000010 0.348683 0.017747 0.006886 0.622806
0.000783 0.000010 0.329211 0.037021 0.003044 0.629931
0.005219 0.000429 0.341232 0.014775 0.004272 0.634074
0.009024 0.000028 0.341992 0.021960 0.000010 0.626985
0.005416 0.000010 0.324886 0.024457 0.000010 0.645221
0.002669 0.003781 0.368778 0.023999 0.000792 0.599981
0.000010 0.000010 0.316470 0.018136 0.000010 0.665364
0.004370 0.000010 0.357908 0.031160 0.003976 0.602577
0.000019 0.000010 0.162853 0.088968 0.000010 0.748139
0.000010 0.000010 0.242241 0.073207 0.000010 0.684522
0.000010 0.002222 0.296753 0.118333 0.007038 0.575643
0.000010 0.000010 0.170662 0.070657 0.000010 0.758650
0.000011 0.000920 0.293240 0.176748 0.000010 0.529071
0.000010 0.000010 0.147918 0.056528 0.000010 0.795524
0.001647 0.001235 0.273398 0.093281 0.012022 0.618416
0.004930 0.000010 0.267444 0.100013 0.000010 0.627593
0.002438 0.000010 0.270637 0.078506 0.012567 0.635842
0.000010 0.000010 0.202408 0.065021 0.000010 0.732541
0.000010 0.000010 0.177259 0.062976 0.000010 0.759734
0.000010 0.000010 0.308084 0.091578 0.000010 0.600309
0.000010 0.002902 0.267270 0.140429 0.000467 0.588921
0.000295 0.004018 0.281193 0.096428 0.000010 0.618056
0.000010 0.000010 0.174130 0.079616 0.000010 0.746223
0.000010 0.000010 0.193882 0.087526 0.000010 0.718563
0.000010 0.006627 0.282905 0.083607 0.006423 0.620428
0.005654 0.000090 0.277687 0.085861 0.009367 0.621341
0.003614 0.006054 0.277962 0.094209 0.001964 0.616197
0.009510 0.000010 0.314144 0.101490 0.000010 0.574836
0.000010 0.000010 0.154578 0.071622 0.000010 0.773770
0.000010 0.000010 0.154881 0.061946 0.000010 0.783143
0.000908 0.000586 0.266685 0.156491 0.000979 0.574352
0.000010 0.002510 0.295599 0.140393 0.000010 0.561478
0.003258 0.000010 0.302275 0.115454 0.006813 0.572190
0.000010 0.000010 0.219612 0.076974 0.000010 0.703384
0.002983 0.005384 0.276569 0.104217 0.000201 0.610646
0.000010 0.000010 0.298976 0.147614 0.000010 0.553380
0.000010 0.000010 0.270449 0.085332 0.000010 0.644188
0.000229 0.002681 0.282604 0.156501 0.003294 0.554692
0.000010 0.000010 0.198402 0.073855 0.000010 0.727712
0.005164 0.000010 0.268415 0.082042 0.000010 0.644360
0.000010 0.000010 0.204111 0.058965 0.000010 0.736895
0.008923 0.001142 0.296491 0.082683 0.001336 0.609425
0.000010 0.007738 0.286543 0.117221 0.000010 0.588478
0.000015 0.000010 0.265120 0.180581 0.000010 0.554264
0.000018 0.006627 0.285675 0.090927 0.000010 0.616743
0.000010 0.000010 0.211052 0.074646 0.000010 0.714272
0.000010 0.000010 0.169988 0.058793 0.000010 0.771189
0.000010 0.000010 0.213056 0.068538 0.000010 0.718376
0.000010 0.000010 0.212700 0.078225 0.000010 0.709045
0.000010 0.000010 0.173014 0.061393 0.000010 0.765562
0.003038 0.009036 0.297467 0.064017 0.006990 0.619453
0.820511 0.179449 0.000010 0.000010 0.000010 0.000010
0.817886 0.182074 0.000010 0.000010 0.000010 0.000010
0.823281 0.176679 0.000010 0.000010 0.000010 0.000010
0.819183 0.180777 0.000010 0.000010 0.000010 0.000010
0.791642 0.208318 0.000010 0.000010 0.000010 0.000010
0.835105 0.164855 0.000010 0.000010 0.000010 0.000010
0.820765 0.179183 0.000013 0.000010 0.000019 0.000010
0.000010 0.000010 0.782425 0.001905 0.000010 0.215640
0.000010 0.000010 0.803244 0.007736 0.000010 0.188991
0.000010 0.000010 0.786402 0.009666 0.000010 0.203902
0.000010 0.000010 0.804656 0.005981 0.000010 0.189333
0.000010 0.000010 0.793020 0.009487 0.000010 0.197463
0.000010 0.000010 0.803387 0.002211 0.000010 0.194372
0.000010 0.000010 0.773305 0.001711 0.000010 0.224954
0.000010 0.000010 0.779123 0.010201 0.000010 0.210645
0.000010 0.000010 0.815924 0.007338 0.000010 0.176709
0.006989 0.000010 0.314390 0.063385 0.003948 0.611278
0.003225 0.001265 0.301757 0.069973 0.000010 0.623770
0.002351 0.000010 0.300147 0.069962 0.002752 0.624778
0.002689 0.000010 0.304985 0.060866 0.000010 0.631440
0.006111 0.005077 0.263349 0.106447 0.000010 0.619006
0.002728 0.014116 0.273870 0.085924 0.000010 0.623351
0.012637 0.000581 0.304412 0.076441 0.000010 0.605920
0.000020 0.000010 0.277211 0.115110 0.000010 0.607639
0.000010 0.006731 0.308764 0.102928 0.002024 0.579543
0.000010 0.000010 0.293992 0.057048 0.003317 0.645623
0.008561 0.000010 0.320240 0.067610 0.000010 0.603569
0.002176 0.000010 0.309689 0.068125 0.000010 0.619990
0.006263 0.000010 0.299037 0.063609 0.003165 0.627916
0.000010 0.002479 0.301219 0.085625 0.004101 0.606566
0.000010 0.000201 0.301304 0.074398 0.000336 0.623750
0.000010 0.003345 0.326201 0.073252 0.005193 0.592000
0.000010 0.000748 0.306164 0.063592 0.000010 0.629476
0.000010 0.000010 0.323396 0.087967 0.000010 0.588606
0.000010 0.000010 0.321190 0.082609 0.000010 0.596171
0.000010 0.005394 0.311638 0.100046 0.000010 0.582902
0.000010 0.000010 0.203193 0.058781 0.000010 0.737996
0.000010 0.000015 0.000014 0.000010 0.999942 0.000010
0.000010 0.000010 0.000010 0.000010 0.999950 0.000010
0.000013 0.000010 0.000010 0.000010 0.999947 0.000010
0.106928 0.778943 0.000010 0.007098 0.000080 0.106941
0.093051 0.835658 0.000010 0.001954 0.001391 0.067935
0.110817 0.759036 0.000010 0.003879 0.006698 0.119559
0.093110 0.830333 0.000010 0.014425 0.007340 0.054782
0.116743 0.783450 0.000010 0.016767 0.000010 0.083021
0.095180 0.828171 0.000010 0.005588 0.000010 0.071041
0.110184 0.786602 0.000010 0.004324 0.000010 0.098870
0.120441 0.770592 0.000010 0.008439 0.000251 0.100267
0.000509 0.004727 0.329753 0.079342 0.000010 0.585659
0.005148 0.000010 0.282479 0.080258 0.000010 0.632095
0.004346 0.000365 0.306734 0.065534 0.001933 0.621088
0.000023 0.000010 0.286178 0.085236 0.004969 0.623584
0.000540 0.000010 0.315130 0.068204 0.000010 0.616106
0.000379 0.001352 0.305326 0.082853 0.004690 0.605400
0.002471 0.003110 0.320026 0.066266 0.000010 0.608116
0.004747 0.000015 0.287092 0.114900 0.000010 0.593235
0.003443 0.000010 0.299726 0.066170 0.000010 0.630640
0.001924 0.000010 0.302682 0.068501 0.002649 0.624234
0.000010 0.004105 0.314928 0.078965 0.000010 0.601982
0.004057 0.000010 0.308913 0.073626 0.000010 0.613383
0.000179 0.000479 0.314755 0.065883 0.001915 0.616790
0.003760 0.000020 0.296562 0.069001 0.000010 0.630647
0.003505 0.000876 0.279598 0.105840 0.003637 0.606544
0.000010 0.000875 0.306546 0.061185 0.003469 0.627915
0.004691 0.001661 0.325783 0.089802 0.000380 0.577683
0.004572 0.008224 0.324555 0.071166 0.004394 0.587089
0.046134 0.942224 0.000010 0.000013 0.011609 0.000010
0.042359 0.948461 0.000010 0.000010 0.009150 0.000010
0.035515 0.943988 0.000010 0.000012 0.020465 0.000010
0.037792 0.947256 0.000010 0.000014 0.014919 0.000010
0.048337 0.933497 0.000010 0.000013 0.018133 0.000010
0.043966 0.943665 0.000010 0.000016 0.012333 0.000010
0.039261 0.935890 0.000010 0.000010 0.024820 0.000010
0.045638 0.944038 0.000010 0.000010 0.010294 0.000010
0.036954 0.937804 0.000016 0.000010 0.025206 0.000010
0.048374 0.928507 0.000018 0.000010 0.023081 0.000010
0.044979 0.937752 0.000010 0.000010 0.017239 0.000010
0.035651 0.946215 0.000010 0.000010 0.018104 0.000010
0.039478 0.946357 0.000010 0.000010 0.014135 0.000010
0.036928 0.947542 0.000010 0.000010 0.015500 0.000010
0.042496 0.922346 0.000010 0.003474 0.024236 0.007439
0.051830 0.927184 0.000019 0.000015 0.020942 0.000010
0.033218 0.950540 0.000010 0.000010 0.016211 0.000010
0.043603 0.943816 0.000010 0.000010 0.012551 0.000010
0.048559 0.935538 0.000010 0.000010 0.015873 0.000010
0.045012 0.938540 0.000010 0.000010 0.016418 0.000010
0.047116 0.928293 0.000012 0.000010 0.024559 0.000010
0.038974 0.948846 0.000010 0.000010 0.012150 0.000010
0.038564 0.940667 0.000010 0.000010 0.020740 0.000010
0.038832 0.944840 0.000017 0.000010 0.016290 0.000010
0.050167 0.927732 0.000010 0.000010 0.022071 0.000010
0.049037 0.936324 0.000010 0.000010 0.014609 0.000010
0.050219 0.949741 0.000010 0.000010 0.000010 0.000010
0.042314 0.957639 0.000010 0.000010 0.000017 0.000010
0.056503 0.943457 0.000010 0.000010 0.000010 0.000010
0.043256 0.929250 0.000010 0.000010 0.016064 0.011410
0.045710 0.948447 0.000010 0.000013 0.005811 0.000010
0.049156 0.946714 0.000010 0.000010 0.004100 0.000010
0.062057 0.937899 0.000010 0.000015 0.000010 0.000010
0.053589 0.941584 0.000010 0.000010 0.004797 0.000010
0.041382 0.952704 0.000010 0.000010 0.005884 0.000010
0.051037 0.944561 0.000010 0.000010 0.000010 0.004372
0.057409 0.942551 0.000010 0.000010 0.000010 0.000010
0.044680 0.955271 0.000010 0.000015 0.000014 0.000010
0.843315 0.156645 0.000010 0.000010 0.000010 0.000010
0.834740 0.165220 0.000010 0.000010 0.000010 0.000010
0.043465 0.935304 0.000010 0.000010 0.021201 0.000010
0.035870 0.945613 0.000010 0.000014 0.018482 0.000010
0.005427 0.000010 0.878991 0.000094 0.034290 0.081188
0.008366 0.000014 0.868332 0.000010 0.032833 0.090445
0.002934 0.000010 0.890084 0.000010 0.032177 0.074785
0.001878 0.000010 0.858747 0.000010 0.023233 0.116122
0.004499 0.000010 0.897701 0.000010 0.029438 0.068342
0.003056 0.000010 0.885019 0.000010 0.029418 0.082487
0.005569 0.000010 0.896559 0.000010 0.027141 0.070711
0.000108 0.000010 0.861875 0.000010 0.029513 0.108484
0.003276 0.004133 0.888461 0.000010 0.019459 0.084661
0.000010 0.000010 0.896713 0.000010 0.016603 0.086654
0.018453 0.000010 0.900810 0.000010 0.011005 0.069712
0.005843 0.000010 0.907195 0.000010 0.029999 0.056943
0.004738 0.000010 0.895709 0.000010 0.017281 0.082253
0.044803 0.955153 0.000010 0.000010 0.000015 0.000010
0.063972 0.935987 0.000010 0.000010 0.000011 0.000010
0.051596 0.948358 0.000010 0.000016 0.000010 0.000010
0.045091 0.946851 0.000010 0.000010 0.008027 0.000010
0.041726 0.958223 0.000010 0.000013 0.000018 0.000010
0.061293 0.938664 0.000010 0.000010 0.000013 0.000010
0.048744 0.951213 0.000010 0.000010 0.000013 0.000010
0.055110 0.944848 0.000012 0.000011 0.000010 0.000010
0.058650 0.941305 0.000012 0.000012 0.000010 0.000010
0.066463 0.933496 0.000010 0.000010 0.000010 0.000010
0.041224 0.958723 0.000019 0.000014 0.000010 0.000010
0.043766 0.942857 0.000010 0.000010 0.013347 0.000010
0.000012 0.000011 0.000010 0.000014 0.999944 0.000010
0.000017 0.000010 0.000015 0.000010 0.999938 0.000010
0.000013 0.000012 0.000010 0.000015 0.999940 0.000010
0.000015 0.000010 0.000010 0.000010 0.999945 0.000010
0.000018 0.000010 0.000010 0.000010 0.999942 0.000010
0.000015 0.000012 0.000010 0.000011 0.999942 0.000010
0.000015 0.000010 0.000010 0.000011 0.999944 0.000010
0.000011 0.000010 0.000013 0.000010 0.999946 0.000010
0.003487 0.019933 0.052737 0.012404 0.895138 0.016301
0.001427 0.035448 0.000010 0.000010 0.963095 0.000010
0.000972 0.022165 0.032404 0.000010 0.929118 0.015331
0.005492 0.013896 0.000010 0.000010 0.979840 0.000752
0.003715 0.015291 0.034983 0.000010 0.926071 0.019929
0.001410 0.011386 0.012173 0.017813 0.926145 0.031072
0.005365 0.017287 0.097735 0.031353 0.801081 0.047179
0.001335 0.018882 0.068223 0.008620 0.880544 0.022397
0.000394 0.022775 0.020788 0.055651 0.878990 0.021403
0.001868 0.019690 0.021699 0.000010 0.930059 0.026674
0.000860 0.012556 0.002805 0.015142 0.945950 0.022687
0.001082 0.010462 0.072537 0.032781 0.839195 0.043944
0.003383 0.016057 0.106376 0.019877 0.802149 0.052159
0.007480 0.013420 0.039531 0.000010 0.924784 0.014774
0.006479 0.014655 0.038104 0.009730 0.922568 0.008464
0.008307 0.012229 0.000010 0.000010 0.954202 0.025242
0.006970 0.015625 0.025963 0.037897 0.887498 0.026046
0.001067 0.018923 0.090160 0.010731 0.859641 0.019479
0.009969 0.070762 0.840323 0.000010 0.049681 0.029255
0.006410 0.066614 0.827418 0.000010 0.042944 0.056604
0.008289 0.083143 0.832986 0.000010 0.050879 0.024693
0.000010 0.082816 0.859070 0.000010 0.051793 0.006301
0.005220 0.054015 0.854705 0.000010 0.040773 0.045277
0.003470 0.070263 0.837159 0.000698 0.046767 0.041644
0.004561 0.069136 0.838965 0.000010 0.038426 0.048902
0.007140 0.064250 0.849769 0.000010 0.048083 0.030748
0.001524 0.066185 0.856632 0.000010 0.061346 0.014303
0.005910 0.082525 0.836778 0.000010 0.042571 0.032206
0.012668 0.078251 0.856728 0.000010 0.042779 0.009563
0.001638 0.091854 0.821869 0.000010 0.047498 0.037131
0.000552 0.080954 0.810719 0.000010 0.058393 0.049371
0.005230 0.094467 0.837096 0.001978 0.053840 0.007389
0.003828 0.086961 0.812560 0.000010 0.048683 0.047957
0.009813 0.068693 0.827908 0.000010 0.057041 0.036535
0.006336 0.096588 0.827998 0.000010 0.048045 0.021023
0.009525 0.068530 0.835401 0.000010 0.050058 0.036476
0.013321 0.043375 0.852921 0.000010 0.044198 0.046175
0.000010 0.085180 0.841319 0.000010 0.045852 0.027629
0.000510 0.077325 0.831127 0.000010 0.042353 0.048676
0.000523 0.083448 0.843056 0.000010 0.038322 0.034640
0.000010 0.000010 0.000010 0.990647 0.000528 0.008795
0.004228 0.000010 0.000010 0.973198 0.000010 0.022544
0.000012 0.000010 0.000010 0.975319 0.000010 0.024639
0.003685 0.000010 0.000010 0.982989 0.000010 0.013296
0.000015 0.000010 0.000010 0.982664 0.000010 0.017291
0.000364 0.000010 0.000010 0.980301 0.000010 0.019305
0.000010 0.000010 0.000010 0.976034 0.000010 0.023926
0.000010 0.000010 0.000010 0.981575 0.000010 0.018385
0.000010 0.000010 0.005873 0.979142 0.000010 0.014955
0.000010 0.000010 0.003279 0.965694 0.004386 0.026622
0.000010 0.000264 0.004162 0.968960 0.005504 0.021100
0.000010 0.000010 0.000010 0.999950 0.000010 0.000010
0.000010 0.000010 0.000010 0.999950 0.000010 0.000010
0.000010 0.000010 0.000010 0.999615 0.000010 0.000345
0.000010 0.000010 0.000010 0.999950 0.000010 0.000010
0.000010 0.000011 0.000010 0.999949 0.000010 0.000010
0.000010 0.000010 0.000010 0.999950 0.000010 0.000010
0.000010 0.000010 0.000010 0.997801 0.000848 0.001322
0.000010 0.006902 0.000373 0.988280 0.004425 0.000010
0.000010 0.000010 0.000010 0.999950 0.000010 0.000010
0.000010 0.000010 0.000010 0.999950 0.000010 0.000010
0.000010 0.000010 0.000010 0.999950 0.000010 0.000010
0.000010 0.000010 0.000010 0.999950 0.000010 0.000010
0.000010 0.000010 0.000012 0.999948 0.000010 0.000010
0.000010 0.000010 0.000010 0.999950 0.000010 0.000010
0.000010 0.000010 0.000010 0.999950 0.000010 0.000010
0.001607 0.000010 0.000010 0.998353 0.000010 0.000010
0.000010 0.000011 0.000012 0.999947 0.000010 0.000010
0.000010 0.000010 0.000010 0.999950 0.000010 0.000010
0.000010 0.000010 0.000010 0.999950 0.000010 0.000010
0.000010 0.000011 0.000010 0.999949 0.000010 0.000010
0.000010 0.000010 0.000010 0.999950 0.000010 0.000010
0.004891 0.800837 0.093979 0.000010 0.100273 0.000010
0.000330 0.815255 0.089229 0.000010 0.087656 0.007521
0.000010 0.785653 0.122667 0.000010 0.091650 0.000010
0.008624 0.744353 0.147278 0.000010 0.094917 0.004818
0.002355 0.732930 0.172768 0.000010 0.090423 0.001514
0.000621 0.801297 0.089243 0.000010 0.108819 0.000010
0.004736 0.791338 0.109986 0.000010 0.093920 0.000010
0.006666 0.800531 0.078863 0.000010 0.097431 0.016498
0.000014 0.804064 0.097471 0.000010 0.098430 0.000010
0.005666 0.805425 0.080884 0.000010 0.094395 0.013619
0.008566 0.755051 0.138965 0.002470 0.094938 0.000010
0.003428 0.822298 0.077107 0.000010 0.097147 0.000010
0.006359 0.799534 0.098578 0.000995 0.089588 0.004944
0.000010 0.809738 0.084116 0.000010 0.105046 0.001080
0.003640 0.811377 0.092175 0.000010 0.092788 0.000010
0.002922 0.779233 0.114517 0.000010 0.093003 0.010316
0.000010 0.809229 0.075909 0.000010 0.095218 0.019624
0.000010 0.770055 0.130332 0.000010 0.099583 0.000010
0.005386 0.800492 0.101297 0.000010 0.092805 0.000010
0.000010 0.759308 0.142904 0.000010 0.097758 0.000010
0.000010 0.000010 0.000010 0.000010 0.999950 0.000010
0.045092 0.950244 0.000010 0.000019 0.000010 0.004624
0.044984 0.954967 0.000010 0.000010 0.000019 0.000010
0.045879 0.954080 0.000010 0.000011 0.000010 0.000010
0.058214 0.941746 0.000010 0.000010 0.000010 0.000010
0.059330 0.940630 0.000010 0.000010 0.000010 0.000010
0.038257 0.961703 0.000010 0.000010 0.000010 0.000010
0.042415 0.957545 0.000010 0.000010 0.000010 0.000010
0.000010 0.000012 0.000012 0.999946 0.000010 0.000010
0.000010 0.000011 0.000010 0.999949 0.000010 0.000010
0.000010 0.000010 0.000010 0.999950 0.000010 0.000010
0.000010 0.000010 0.000010 0.999950 0.000010 0.000010
0.007617 0.000010 0.006138 0.986215 0.000010 0.000010
0.008638 0.000010 0.007294 0.982311 0.001737 0.000010
0.005516 0.000010 0.014843 0.979611 0.000010 0.000010
0.000010 0.000010 0.000010 0.999950 0.000010 0.000010
0.001149 0.000010 0.000012 0.998809 0.000010 0.000010
0.000013 0.000010 0.000010 0.000010 0.999947 0.000010
0.000012 0.000010 0.000012 0.000013 0.999942 0.000010
0.000013 0.000010 0.000015 0.000011 0.999941 0.000010
0.000010 0.000010 0.000013 0.000010 0.999947 0.000010
0.000013 0.000013 0.000014 0.000011 0.999939 0.000010
0.000012 0.000010 0.000014 0.000012 0.999942 0.000010
0.000010 0.000010 0.000010 0.000010 0.999950 0.000010
0.000017 0.000010 0.000015 0.000010 0.999937 0.000010
0.000010 0.000010 0.000010 0.000010 0.999950 0.000010
0.000011 0.000015 0.000010 0.000011 0.999944 0.000010
0.000017 0.000010 0.000015 0.000010 0.999938 0.000010
0.000010 0.000010 0.000010 0.000010 0.999950 0.000010
0.046259 0.953699 0.000010 0.000012 0.000010 0.000010
0.039684 0.942323 0.000013 0.000010 0.008155 0.009815
0.044340 0.955619 0.000010 0.000010 0.000011 0.000010
0.822532 0.177428 0.000010 0.000010 0.000010 0.000010
0.000010 0.000010 0.000010 0.990824 0.000010 0.009136
0.000010 0.000011 0.000012 0.999946 0.000011 0.000010
0.001777 0.003227 0.000010 0.989338 0.001149 0.004499
0.007643 0.002342 0.006296 0.983698 0.000010 0.000010
0.000010 0.003296 0.000010 0.990143 0.000010 0.006531
0.004630 0.000010 0.000010 0.988547 0.000010 0.006793
0.000010 0.000010 0.000010 0.987238 0.000010 0.012722
0.010135 0.000010 0.010268 0.979567 0.000010 0.000010
0.000010 0.014585 0.011753 0.000010 0.964788 0.008854
0.000010 0.000010 0.000010 0.000010 0.999950 0.000010
0.000010 0.000010 0.000010 0.000010 0.999950 0.000010
0.000010 0.000010 0.000010 0.000010 0.999950 0.000010
0.000010 0.011582 0.000010 0.000010 0.988378 0.000010
0.000858 0.000010 0.034319 0.000010 0.956087 0.008716
0.002176 0.030899 0.001910 0.000010 0.948248 0.016758
0.000010 0.000010 0.000010 0.000010 0.999950 0.000010
0.002481 0.019092 0.041796 0.002775 0.929162 0.004694
0.000010 0.000010 0.000010 0.000010 0.999950 0.000010
0.000010 0.003502 0.000010 0.000010 0.996458 0.000010
0.000471 0.009615 0.051728 0.002441 0.930157 0.005588
0.000194 0.025376 0.014498 0.000010 0.959912 0.000010
0.004541 0.016509 0.030279 0.000010 0.940947 0.007714
0.000010 0.000010 0.797311 0.012277 0.000010 0.190383
0.000010 0.000010 0.787372 0.005584 0.000010 0.207014
0.000010 0.000010 0.793927 0.006234 0.000010 0.199809
0.000010 0.000010 0.787453 0.007313 0.000010 0.205204
0.000010 0.000010 0.790186 0.008088 0.000010 0.201695
0.000012 0.000010 0.761405 0.006335 0.000010 0.232228
0.000010 0.000010 0.768541 0.005850 0.000010 0.225580
0.000010 0.000010 0.811486 0.001547 0.000010 0.186937
0.000016 0.000010 0.789095 0.003834 0.000010 0.207035
0.000010 0.000010 0.771311 0.012093 0.000010 0.216566
0.000010 0.000010 0.761367 0.006014 0.000010 0.232589
0.000010 0.000010 0.784685 0.007697 0.000010 0.207589
0.000010 0.000010 0.781379 0.009672 0.000010 0.208919
0.000010 0.000010 0.792932 0.006592 0.000010 0.200446
0.000010 0.000010 0.782431 0.012897 0.000010 0.204642
0.000010 0.000010 0.789995 0.004857 0.000010 0.205118
0.000010 0.000010 0.782611 0.005075 0.000010 0.212284
0.000010 0.000010 0.802047 0.006801 0.000010 0.191122
0.000010 0.000010 0.000010 0.999947 0.000013 0.000010
0.000394 0.000010 0.000011 0.999565 0.000010 0.000010
0.000010 0.000014 0.000010 0.999944 0.000011 0.000010
0.000010 0.000010 0.000013 0.999947 0.000010 0.000010
0.052956 0.946998 0.000010 0.000010 0.000016 0.000010
0.051678 0.948282 0.000010 0.000010 0.000010 0.000010
0.059247 0.940710 0.000013 0.000010 0.000010 0.000010
0.054677 0.942281 0.000010 0.000010 0.002896 0.000126
0.045704 0.944064 0.000013 0.000010 0.009525 0.000685
0.050010 0.949946 0.000010 0.000014 0.000010 0.000010
0.045488 0.954472 0.000010 0.000010 0.000010 0.000010
0.051488 0.948464 0.000010 0.000016 0.000012 0.000010
0.044977 0.954974 0.000010 0.000010 0.000020 0.000010
0.037474 0.962486 0.000010 0.000010 0.000010 0.000010
0.001519 0.000010 0.777624 0.002890 0.005351 0.212606
0.000010 0.001370 0.783628 0.000010 0.003222 0.211760
0.000868 0.000010 0.738800 0.003745 0.004261 0.252316
0.001021 0.000010 0.761830 0.000010 0.002221 0.234907
0.000011 0.000010 0.738207 0.005537 0.006711 0.249523
0.004065 0.004749 0.748876 0.001876 0.001189 0.239245
0.006029 0.000010 0.753284 0.001834 0.008517 0.230327
0.000010 0.000010 0.705691 0.000933 0.002836 0.290520
0.002635 0.000010 0.684753 0.006952 0.000010 0.305640
0.000010 0.004470 0.667499 0.005488 0.005917 0.316617
0.001650 0.000010 0.701141 0.006077 0.000010 0.291112
0.002227 0.000010 0.700312 0.003019 0.006688 0.287744
0.000010 0.002592 0.660311 0.006590 0.014342 0.316154
0.002563 0.000010 0.696073 0.006457 0.006407 0.288490
0.000273 0.000010 0.670127 0.003259 0.001404 0.324928
0.004224 0.000010 0.740332 0.000010 0.006256 0.249168
0.001941 0.000010 0.727601 0.000010 0.008105 0.262333
0.000010 0.004222 0.762013 0.000010 0.003825 0.229920
