0.012914 0.905056 0.082030
0.000010 0.941260 0.058730
0.000010 0.992368 0.007622
0.027829 0.816353 0.155818
0.033399 0.892244 0.074357
0.000973 0.959819 0.039208
0.025122 0.719436 0.255441
0.043098 0.687095 0.269807
0.955494 0.000010 0.044496
0.963998 0.000010 0.035992
0.989912 0.000010 0.010078
0.988443 0.000010 0.011547
0.999980 0.000010 0.000010
0.986760 0.000010 0.013230
0.999980 0.000010 0.000010
0.999980 0.000010 0.000010
0.999980 0.000010 0.000010
0.989235 0.000010 0.010755
0.999980 0.000010 0.000010
0.928555 0.000876 0.070568
0.994379 0.000010 0.005611
0.994070 0.000010 0.005920
0.999980 0.000010 0.000010
0.999980 0.000010 0.000010
0.939571 0.000010 0.060419
0.999980 0.000010 0.000010
0.999980 0.000010 0.000010
0.999980 0.000010 0.000010
0.999980 0.000010 0.000010
0.999980 0.000010 0.000010
0.999980 0.000010 0.000010
0.999980 0.000010 0.000010
0.999980 0.000010 0.000010
0.999980 0.000010 0.000010
0.999980 0.000010 0.000010
0.999980 0.000010 0.000010
0.999980 0.000010 0.000010
0.652804 0.000010 0.347186
0.646171 0.000010 0.353819
0.462683 0.000010 0.537307
0.594482 0.000010 0.405508
0.999980 0.000010 0.000010
0.999980 0.000010 0.000010
0.999980 0.000010 0.000010
0.991933 0.000010 0.008057
0.629759 0.002339 0.367903
0.661764 0.000010 0.338226
0.656365 0.000010 0.343625
0.845063 0.000010 0.154927
0.971106 0.000010 0.028884
0.999980 0.000010 0.000010
0.999980 0.000010 0.000010
0.999980 0.000010 0.000010
0.999980 0.000010 0.000010
0.650300 0.000010 0.349690
0.652253 0.000010 0.347737
0.675652 0.000010 0.324338
0.971406 0.000010 0.028584
0.366826 0.000010 0.633164
0.999980 0.000010 0.000010
0.999980 0.000010 0.000010
0.999979 0.000011 0.000010
0.641528 0.000010 0.358462
0.651175 0.000010 0.348815
0.637386 0.000010 0.362604
0.685332 0.000010 0.314658
0.693574 0.000010 0.306416
0.999980 0.000010 0.000010
0.999980 0.000010 0.000010
0.999976 0.000014 0.000010
0.999980 0.000010 0.000010
0.680530 0.004037 0.315433
0.645428 0.000010 0.354562
0.514700 0.000010 0.485290
0.851363 0.000010 0.148627
0.999980 0.000010 0.000010
0.998755 0.000010 0.001235
0.999980 0.000010 0.000010
0.636608 0.000010 0.363382
0.657483 0.000010 0.342507
0.672531 0.000649 0.326820
0.598313 0.000010 0.401677
0.526255 0.000010 0.473735
0.902650 0.000010 0.097340
0.545084 0.000010 0.454906
0.983576 0.000010 0.016414
0.992370 0.000010 0.007620
0.999980 0.000010 0.000010
0.994290 0.000010 0.005700
0.999980 0.000010 0.000010
0.604025 0.000085 0.395891
0.600488 0.000930 0.398582
0.656378 0.000800 0.342822
0.485453 0.000010 0.514537
0.529225 0.000010 0.470765
0.504559 0.000010 0.495431
0.999980 0.000010 0.000010
0.999980 0.000010 0.000010
0.995675 0.000010 0.004315
0.593656 0.000010 0.406334
0.656429 0.000010 0.343561
0.558263 0.000010 0.441727
0.561389 0.000010 0.438601
0.370065 0.000010 0.629925
0.999980 0.000010 0.000010
0.999980 0.000010 0.000010
0.148286 0.046932 0.804782
0.143791 0.039127 0.817082
0.158894 0.043830 0.797277
0.139999 0.042371 0.817630
0.149711 0.035602 0.814687
0.135757 0.037418 0.826825
0.138494 0.037340 0.824167
0.167894 0.036878 0.795229
0.127504 0.065968 0.806528
0.139285 0.042098 0.818618
0.145010 0.034845 0.820146
0.148882 0.059823 0.791296
0.153157 0.044830 0.802013
0.136812 0.033060 0.830128
0.156639 0.057096 0.786265
0.151854 0.031198 0.816948
0.187026 0.066291 0.746683
0.136294 0.070882 0.792824
0.147381 0.035432 0.817187
0.118205 0.084407 0.797388
0.141348 0.045211 0.813441
0.146870 0.034924 0.818206
0.124317 0.029804 0.845879
0.209047 0.039410 0.751543
0.170388 0.036029 0.793583
0.119083 0.055222 0.825696
0.125531 0.042704 0.831765
0.148812 0.037208 0.813980
0.196344 0.033845 0.769812
0.142996 0.035210 0.821794
0.135298 0.036245 0.828458
0.124925 0.077892 0.797183
0.136011 0.045988 0.818002
0.147403 0.028668 0.823929
0.130801 0.033733 0.835467
0.141209 0.045245 0.813545
0.169764 0.057358 0.772878
0.172598 0.050441 0.776961
0.163636 0.045869 0.790494
0.156221 0.051073 0.792706
0.157697 0.076048 0.766255
0.575559 0.007955 0.416486
0.590749 0.014181 0.395071
0.544894 0.011360 0.443746
0.559846 0.011115 0.429040
0.533110 0.014711 0.452179
0.580505 0.011949 0.407547
0.569416 0.016807 0.413777
0.539033 0.017822 0.443145
0.543559 0.011245 0.445196
0.576953 0.007740 0.415307
0.568834 0.008959 0.422207
0.540281 0.011611 0.448108
0.565480 0.012714 0.421806
0.570923 0.019311 0.409765
0.123224 0.061009 0.815766
0.117469 0.047762 0.834769
0.117135 0.091117 0.791748
0.127458 0.039613 0.832930
0.138148 0.076985 0.784868
0.121362 0.057052 0.821587
0.146648 0.090807 0.762545
0.116232 0.080232 0.803537
0.122520 0.064040 0.813440
0.121085 0.083697 0.795218
0.114552 0.058168 0.827279
0.124496 0.076309 0.799195
0.124998 0.085912 0.789089
0.113386 0.113353 0.773261
0.118183 0.071404 0.810413
0.120321 0.047176 0.832502
0.113781 0.075933 0.810286
0.135440 0.037431 0.827129
0.133035 0.054560 0.812406
0.130736 0.075172 0.794093
0.231549 0.048259 0.720193
0.236127 0.045805 0.718068
0.228535 0.034580 0.736885
0.215174 0.042742 0.742084
0.230175 0.035833 0.733992
0.226260 0.045780 0.727960
0.205116 0.038762 0.756122
0.221777 0.037766 0.740458
0.229810 0.035460 0.734731
0.221934 0.026136 0.751931
0.233435 0.052272 0.714293
0.252061 0.040828 0.707111
0.225509 0.033371 0.741120
0.226787 0.040688 0.732525
0.215247 0.042814 0.741939
0.255479 0.044330 0.700190
0.228926 0.044160 0.726914
0.231053 0.040015 0.728932
0.188219 0.022466 0.789315
0.216089 0.028538 0.755374
0.198850 0.021887 0.779263
0.216698 0.029178 0.754124
0.194682 0.025305 0.780013
0.213161 0.028879 0.757960
0.219266 0.036478 0.744256
0.218185 0.034548 0.747268
0.222701 0.033722 0.743576
0.183776 0.023117 0.793107
0.170966 0.029820 0.799214
0.218143 0.031368 0.750489
0.214974 0.032910 0.752116
0.222532 0.037097 0.740372
0.186002 0.025511 0.788487
0.247593 0.032931 0.719476
0.190961 0.028688 0.780350
0.199708 0.028649 0.771643
0.220137 0.031225 0.748637
0.194305 0.020034 0.785662
0.187536 0.029401 0.783063
0.192257 0.027252 0.780491
0.183310 0.023513 0.793177
0.195197 0.020088 0.784715
0.192354 0.026550 0.781097
0.200252 0.023064 0.776684
0.193132 0.023629 0.783239
0.198653 0.022836 0.778511
0.195717 0.019784 0.784499
0.206878 0.018916 0.774207
0.200333 0.021342 0.778325
0.192517 0.020890 0.786593
0.191142 0.019630 0.789228
0.182930 0.021066 0.796004
0.186814 0.021551 0.791635
0.201784 0.021601 0.776615
0.195632 0.025772 0.778596
0.325318 0.032630 0.642053
0.293058 0.029432 0.677509
0.308061 0.035605 0.656334
0.307862 0.028083 0.664055
0.294424 0.032419 0.673157
0.298898 0.026410 0.674691
0.301610 0.033027 0.665363
0.292658 0.026331 0.681011
0.314084 0.030198 0.655718
0.313164 0.021767 0.665069
0.307911 0.028652 0.663437
0.287408 0.035160 0.677432
0.301299 0.019302 0.679399
0.301226 0.029197 0.669577
0.321805 0.024857 0.653338
0.300031 0.026801 0.673168
0.302164 0.031766 0.666071
0.302943 0.030806 0.666251
0.285507 0.021363 0.693131
0.282932 0.029752 0.687316
0.301368 0.019440 0.679191
0.292484 0.024867 0.682649
0.301226 0.025621 0.673152
0.000010 0.999980 0.000010
0.000010 0.999980 0.000010
0.000010 0.999980 0.000010
0.000010 0.999980 0.000010
0.000012 0.999978 0.000010
0.000010 0.999980 0.000010
0.000010 0.999980 0.000010
0.000010 0.999980 0.000010
0.000010 0.999980 0.000010
0.000012 0.999978 0.000010
0.000010 0.999980 0.000010
0.000010 0.999980 0.000010
0.000010 0.999980 0.000010
0.000010 0.999980 0.000010
0.000010 0.999980 0.000010
0.000010 0.999980 0.000010
0.000010 0.999980 0.000010
0.000010 0.999980 0.000010
0.000010 0.999980 0.000010
0.000010 0.999980 0.000010
0.000010 0.999980 0.000010
0.000010 0.999980 0.000010
0.013271 0.000010 0.986719
0.016504 0.002362 0.981134
0.021738 0.005008 0.973253
0.028781 0.000909 0.970310
0.013452 0.001771 0.984777
0.017937 0.000143 0.981920
0.018646 0.003741 0.977614
0.010214 0.001407 0.988379
0.017186 0.001890 0.980924
0.011245 0.000010 0.988745
0.023691 0.000010 0.976299
0.010899 0.004139 0.984962
0.021675 0.006246 0.972079
0.017397 0.000010 0.982593
0.022725 0.003546 0.973729
0.018439 0.005926 0.975635
0.023204 0.004579 0.972217
0.008025 0.003157 0.988817
0.026781 0.000010 0.973209
0.023017 0.004027 0.972956
0.017967 0.000010 0.982023
0.018772 0.010137 0.971091
0.010289 0.003245 0.986466
0.006577 0.002295 0.991128
0.017069 0.006293 0.976638
0.631025 0.154762 0.214213
0.632370 0.149401 0.218229
0.634988 0.148652 0.216361
0.618510 0.149513 0.231977
0.622635 0.150680 0.226685
0.632609 0.145931 0.221460
0.630293 0.153187 0.216521
0.627740 0.155789 0.216471
0.630950 0.150842 0.218208
0.630780 0.154697 0.214523
0.625440 0.147983 0.226577
0.628123 0.154059 0.217818
0.621643 0.150222 0.228136
0.625630 0.152154 0.222217
0.000010 0.038796 0.961194
0.000010 0.042490 0.957500
0.008642 0.044274 0.947084
0.004772 0.037991 0.957237
0.005906 0.048814 0.945280
0.005265 0.044185 0.950549
0.000010 0.051381 0.948609
0.000010 0.043270 0.956720
0.000010 0.053358 0.946632
0.012975 0.047667 0.939358
0.000010 0.051175 0.948815
0.009664 0.037289 0.953047
0.003393 0.048385 0.948222
0.001578 0.038216 0.960205
0.000855 0.051672 0.947473
0.006087 0.051861 0.942052
0.004159 0.041274 0.954567
0.004167 0.044241 0.951592
0.012700 0.050953 0.936347
0.009245 0.050122 0.940633
0.000733 0.042127 0.957140
0.004041 0.051006 0.944953
0.008277 0.053878 0.937845
0.004900 0.041494 0.953606
0.006764 0.051084 0.942152
0.002133 0.052796 0.945070
0.000010 0.043969 0.956021
0.002276 0.055771 0.941952
0.005225 0.045533 0.949241
0.004804 0.048991 0.946205
0.005590 0.041961 0.952448
0.003673 0.038533 0.957795
0.002555 0.057584 0.939860
0.007772 0.033253 0.958975
0.003398 0.042272 0.954330
0.000010 0.046323 0.953667
0.005274 0.042768 0.951959
0.000010 0.038742 0.961248
0.003069 0.051842 0.945090
0.000010 0.118956 0.881034
0.000010 0.098067 0.901923
0.008462 0.138694 0.852844
0.000010 0.098980 0.901010
0.000010 0.195874 0.804116
0.000010 0.086515 0.913475
0.013456 0.115150 0.871394
0.002491 0.123239 0.874270
0.012140 0.101830 0.886029
0.000010 0.093061 0.906929
0.000010 0.092640 0.907350
0.000010 0.112672 0.887318
0.003117 0.162984 0.833899
0.003871 0.117974 0.878154
0.000010 0.108588 0.891402
0.000010 0.114299 0.885691
0.013039 0.105230 0.881731
0.013301 0.108224 0.878475
0.010976 0.116757 0.872267
0.000010 0.124682 0.875308
0.000010 0.101327 0.898663
0.000010 0.092616 0.907374
0.002279 0.177982 0.819740
0.001449 0.160708 0.837843
0.006638 0.136153 0.857209
0.000010 0.103310 0.896680
0.007471 0.127248 0.865281
0.000010 0.167354 0.832636
0.000010 0.108337 0.891653
0.005007 0.176982 0.818012
0.000010 0.100755 0.899235
0.000010 0.105994 0.893996
0.000010 0.087049 0.912941
0.007680 0.105740 0.886579
0.008559 0.138065 0.853376
0.000010 0.201094 0.798896
0.004961 0.113855 0.881184
0.000010 0.101187 0.898803
0.000010 0.088082 0.911908
0.000010 0.096047 0.903943
0.000010 0.104757 0.895233
0.000010 0.090288 0.909702
0.018128 0.085128 0.896744
0.686278 0.124977 0.188745
0.690809 0.127218 0.181973
0.691811 0.124822 0.183367
0.694678 0.119934 0.185388
0.695048 0.124853 0.180099
0.684880 0.130494 0.184626
0.689910 0.120785 0.189305
0.000010 0.004119 0.995871
0.000010 0.008226 0.991764
0.000010 0.010691 0.989299
0.000010 0.006276 0.993714
0.000010 0.009620 0.990370
0.000010 0.003387 0.996603
0.000010 0.003762 0.996228
0.000010 0.010802 0.989188
0.000010 0.006971 0.993019
0.006781 0.085772 0.907447
0.002583 0.092103 0.905315
0.001092 0.092631 0.906278
0.000010 0.083147 0.916843
0.007513 0.130623 0.861864
0.014764 0.109132 0.876104
0.006494 0.100184 0.893322
0.000779 0.136903 0.862318
0.008482 0.123178 0.868339
0.000559 0.079340 0.920101
0.003183 0.089712 0.907105
0.000526 0.090087 0.909387
0.006027 0.086081 0.907892
0.006212 0.106683 0.887105
0.000784 0.095336 0.903880
0.008395 0.093185 0.898421
0.001222 0.085506 0.913271
0.000010 0.108446 0.891544
0.000010 0.103834 0.896156
0.005009 0.120653 0.874338
0.000010 0.086470 0.913520
0.999980 0.000010 0.000010
0.999980 0.000010 0.000010
0.999980 0.000010 0.000010
0.864402 0.034909 0.100689
0.917598 0.026555 0.055847
0.856558 0.032599 0.110843
0.915300 0.038648 0.046051
0.879310 0.046173 0.074517
0.909915 0.030492 0.059593
0.876547 0.032513 0.090940
0.867995 0.037813 0.094191
0.004332 0.099988 0.895680
0.000010 0.103895 0.896095
0.004248 0.087011 0.908741
0.003799 0.107191 0.889010
0.000010 0.089501 0.910489
0.006226 0.103936 0.889838
0.004493 0.087024 0.908483
0.001474 0.137151 0.861375
0.000010 0.089253 0.910737
0.004184 0.090198 0.905618
0.003459 0.099910 0.896631
0.000010 0.096142 0.903848
0.002974 0.086635 0.910391
0.000010 0.092352 0.907638
0.006054 0.128093 0.865854
0.005294 0.081849 0.912857
0.004416 0.109375 0.886209
0.015757 0.091722 0.892521
0.995230 0.004760 0.000010
0.998115 0.001875 0.000010
0.998162 0.001828 0.000010
0.996467 0.003523 0.000010
0.996003 0.003987 0.000010
0.997682 0.002308 0.000010
0.996546 0.003444 0.000010
0.996945 0.003045 0.000010
0.999771 0.000219 0.000010
0.996690 0.003300 0.000010
0.996911 0.003079 0.000010
0.999916 0.000074 0.000010
0.999980 0.000010 0.000010
0.998821 0.001169 0.000010
0.987037 0.012953 0.000010
0.997717 0.002273 0.000010
0.999784 0.000206 0.000010
0.999558 0.000432 0.000010
0.994709 0.005281 0.000010
0.998036 0.001954 0.000010
0.997625 0.002365 0.000010
0.995692 0.004298 0.000010
0.999979 0.000011 0.000010
0.999980 0.000010 0.000010
0.995314 0.004676 0.000010
0.998656 0.001334 0.000010
0.997001 0.002989 0.000010
0.999980 0.000010 0.000010
0.994918 0.005072 0.000010
0.988689 0.003823 0.007488
0.996189 0.003801 0.000010
0.992689 0.007301 0.000010
0.989410 0.010580 0.000010
0.993670 0.006320 0.000010
0.997233 0.002757 0.000010
0.990084 0.009906 0.000010
0.994697 0.005293 0.000010
0.998390 0.001600 0.000010
0.684539 0.126719 0.188743
0.684249 0.124850 0.190901
0.999980 0.000010 0.000010
0.998299 0.001691 0.000010
0.032429 0.000010 0.967561
0.035307 0.000010 0.964683
0.026299 0.000010 0.973691
0.019297 0.000010 0.980693
0.027439 0.000010 0.972551
0.027956 0.000010 0.972034
0.027566 0.000010 0.972424
0.027525 0.000010 0.972465
0.023089 0.000010 0.976901
0.012376 0.000010 0.987614
0.020453 0.000010 0.979537
0.029474 0.000010 0.970516
0.016985 0.000010 0.983005
0.999980 0.000010 0.000010
0.994693 0.005297 0.000010
0.998999 0.000991 0.000010
0.997194 0.002796 0.000010
0.999980 0.000010 0.000010
0.993071 0.006919 0.000010
0.999978 0.000012 0.000010
0.996266 0.003724 0.000010
0.993247 0.006743 0.000010
0.993819 0.006171 0.000010
0.999980 0.000010 0.000010
0.999354 0.000636 0.000010
0.999980 0.000010 0.000010
0.999980 0.000010 0.000010
0.999980 0.000010 0.000010
0.999980 0.000010 0.000010
0.999980 0.000010 0.000010
0.999980 0.000010 0.000010
0.999980 0.000010 0.000010
0.999980 0.000010 0.000010
0.891821 0.002661 0.105518
0.972003 0.000010 0.027987
0.927375 0.000010 0.072615
0.968163 0.000010 0.031827
0.921079 0.000010 0.078911
0.915182 0.007843 0.076974
0.798281 0.017940 0.183779
0.875691 0.002613 0.121696
0.879674 0.038727 0.081599
0.927074 0.000010 0.072916
0.939200 0.004857 0.055943
0.829094 0.017376 0.153530
0.798242 0.009375 0.192382
0.919707 0.000010 0.080283
0.921419 0.001669 0.076912
0.942151 0.000010 0.057839
0.884911 0.022957 0.092132
0.853171 0.002276 0.144553
0.124114 0.000010 0.875876
0.111883 0.000010 0.888107
0.137320 0.000010 0.862670
0.131461 0.000010 0.868529
0.094966 0.000010 0.905024
0.117910 0.000010 0.882080
0.108533 0.000010 0.891457
0.115195 0.000010 0.884795
0.124668 0.000010 0.875322
0.126926 0.000010 0.873064
0.127272 0.000010 0.872718
0.138811 0.000010 0.861179
0.138866 0.000010 0.861124
0.151159 0.000010 0.848831
0.136782 0.000010 0.863208
0.128513 0.000010 0.871477
0.147222 0.000010 0.852768
0.122946 0.000010 0.877044
0.094617 0.000010 0.905373
0.127621 0.000010 0.872369
0.119052 0.000010 0.880938
0.120464 0.000010 0.879526
0.000173 0.992333 0.007494
0.000010 0.976848 0.023142
0.000010 0.978231 0.021759
0.000010 0.985671 0.014319
0.000010 0.984870 0.015120
0.000010 0.981893 0.018097
0.000010 0.978543 0.021447
0.000010 0.983415 0.016575
0.000010 0.980481 0.019509
0.003143 0.968121 0.028736
0.005246 0.970699 0.024055
0.000010 0.999980 0.000010
0.000010 0.999980 0.000010
0.000010 0.999980 0.000010
0.000010 0.999980 0.000010
0.000010 0.999980 0.000010
0.000010 0.999980 0.000010
0.000304 0.999686 0.000010
0.010937 0.989053 0.000010
0.000010 0.999980 0.000010
0.000010 0.999980 0.000010
0.000010 0.999980 0.000010
0.000010 0.999980 0.000010
0.000010 0.999980 0.000010
0.000010 0.999980 0.000010
0.000010 0.999980 0.000010
0.000010 0.999980 0.000010
0.000010 0.999980 0.000010
0.000010 0.999980 0.000010
0.000010 0.999980 0.000010
0.000010 0.999980 0.000010
0.000010 0.999980 0.000010
0.917145 0.000010 0.082845
0.917063 0.000010 0.082927
0.890685 0.001379 0.107935
0.858427 0.000902 0.140671
0.838810 0.001049 0.160141
0.923994 0.000010 0.075996
0.902892 0.000010 0.097098
0.914661 0.000010 0.085329
0.915127 0.000010 0.084863
0.915919 0.000952 0.083129
0.870093 0.004444 0.125462
0.935053 0.000010 0.064937
0.907357 0.003780 0.088863
0.927320 0.000010 0.072670
0.920181 0.001642 0.078177
0.887764 0.000477 0.111760
0.916968 0.000010 0.083022
0.884374 0.000010 0.115616
0.911246 0.001891 0.086863
0.870119 0.000010 0.129871
0.999980 0.000010 0.000010
0.994134 0.005856 0.000010
0.999815 0.000175 0.000010
0.999980 0.000010 0.000010
0.993868 0.006122 0.000010
0.993562 0.006428 0.000010
0.999980 0.000010 0.000010
0.999980 0.000010 0.000010
0.000010 0.999980 0.000010
0.000012 0.999978 0.000010
0.000010 0.999980 0.000010
0.000010 0.999980 0.000010
0.001761 0.988902 0.009337
0.004417 0.984276 0.011308
0.002380 0.980962 0.016658
0.000010 0.999980 0.000010
0.000010 0.999980 0.000010
0.999980 0.000010 0.000010
0.999980 0.000010 0.000010
0.999980 0.000010 0.000010
0.999980 0.000010 0.000010
0.999980 0.000010 0.000010
0.999980 0.000010 0.000010
0.999980 0.000010 0.000010
0.999980 0.000010 0.000010
0.999980 0.000010 0.000010
0.999980 0.000010 0.000010
0.999980 0.000010 0.000010
0.999980 0.000010 0.000010
0.994938 0.005052 0.000010
0.989322 0.004949 0.005729
0.995575 0.004415 0.000010
0.690208 0.131719 0.178073
0.000010 0.992715 0.007275
0.000010 0.999980 0.000010
0.005987 0.990506 0.003507
0.007471 0.985127 0.007402
0.000316 0.991669 0.008015
0.000010 0.991666 0.008324
0.000010 0.988437 0.011553
0.005958 0.981544 0.012498
0.947391 0.000010 0.052599
0.980208 0.000010 0.019782
0.999028 0.000010 0.000962
0.993385 0.000010 0.006605
0.985519 0.000010 0.014471
0.930238 0.000010 0.069752
0.950372 0.000010 0.049618
0.987477 0.000010 0.012513
0.923921 0.000010 0.076069
0.994805 0.000010 0.005185
0.985352 0.000010 0.014638
0.909660 0.000010 0.090330
0.955463 0.000010 0.044527
0.933042 0.000010 0.066948
0.000010 0.012500 0.987490
0.000010 0.006741 0.993249
0.000010 0.006873 0.993117
0.000010 0.008100 0.991890
0.000010 0.009069 0.990921
0.000010 0.008148 0.991842
0.000010 0.007669 0.992321
0.000010 0.002175 0.997815
0.000010 0.004806 0.995184
0.000010 0.013115 0.986875
0.000010 0.007572 0.992418
0.000010 0.008227 0.991763
0.000010 0.010410 0.989580
0.000010 0.007942 0.992048
0.000010 0.013545 0.986445
0.000010 0.006193 0.993797
0.000010 0.006900 0.993090
0.000010 0.007035 0.992955
0.000011 0.999979 0.000010
0.000010 0.999980 0.000010
0.000010 0.999980 0.000010
0.000010 0.999980 0.000010
0.996286 0.003704 0.000010
0.997989 0.002001 0.000010
0.996955 0.003035 0.000010
0.991616 0.008374 0.000010
0.992265 0.007725 0.000010
0.995879 0.004111 0.000010
0.994683 0.005307 0.000010
0.991527 0.008463 0.000010
0.996035 0.003955 0.000010
0.999980 0.000010 0.000010
0.000010 0.005370 0.994620
0.006045 0.001081 0.992874
0.004946 0.005775 0.989279
0.001853 0.002319 0.995828
0.003920 0.007567 0.988513
0.010803 0.003156 0.986041
0.010973 0.004103 0.984924
0.000332 0.005477 0.994191
0.000010 0.011664 0.988326
0.011029 0.008938 0.980033
0.000194 0.009799 0.990007
0.007589 0.006353 0.986058
0.016088 0.010026 0.973887
0.003370 0.010793 0.985838
0.001389 0.008128 0.990483
0.008444 0.002826 0.988730
0.010519 0.000209 0.989272
0.010412 0.000073 0.989515
0.002591 0.006897 0.990512
0.000010 0.001560 0.998430
0.978237 0.018932 0.002830
0.988935 0.011055 0.000010
0.990977 0.009013 0.000010
0.990695 0.009295 0.000010
0.983910 0.014077 0.002013
0.989332 0.010658 0.000010
0.990336 0.009654 0.000010
0.988714 0.011276 0.000010
0.995167 0.004823 0.000010
0.988514 0.011476 0.000010
0.995575 0.004415 0.000010
0.994414 0.005576 0.000010
0.992244 0.007746 0.000010
0.994430 0.005560 0.000010
0.996485 0.003505 0.000010
0.993799 0.006191 0.000010
0.998693 0.001297 0.000010
0.996718 0.003272 0.000010
0.994438 0.005552 0.000010
0.993999 0.005991 0.000010
0.000010 0.985015 0.014975
0.000010 0.977557 0.022433
0.000010 0.984900 0.015090
0.996292 0.000010 0.003698
0.982162 0.005433 0.012405
0.971385 0.006134 0.022481
0.982291 0.000809 0.016901
0.966376 0.001961 0.031663
0.990655 0.001921 0.007424
0.992893 0.000010 0.007097
0.992912 0.000010 0.007078
0.960764 0.004983 0.034253
0.980932 0.000058 0.019011
0.951632 0.003249 0.045119
0.957122 0.004697 0.038181
0.975202 0.007381 0.017417
0.958876 0.002065 0.039060
0.969134 0.008841 0.022026
0.978436 0.004471 0.017094
0.976388 0.004749 0.018863
0.971896 0.007211 0.020893
0.952353 0.005857 0.041790
0.967445 0.006799 0.025756
0.944641 0.004238 0.051121
0.959341 0.007846 0.032813
0.970226 0.007216 0.022558
0.957052 0.012636 0.030312
0.994708 0.000010 0.005282
0.982313 0.003539 0.014148
0.998005 0.000010 0.001985
0.967814 0.005438 0.026748
0.984446 0.001326 0.014228
0.995490 0.002944 0.001566
0.991241 0.001814 0.006945
0.988092 0.002397 0.009511
0.961871 0.007861 0.030267
0.973878 0.004034 0.022088
0.979247 0.003199 0.017555
0.936843 0.008068 0.055089
0.973795 0.005647 0.020558
0.953082 0.005520 0.041397
0.970267 0.007465 0.022268
0.000010 0.241513 0.758477
0.000010 0.238803 0.761187
0.000010 0.217126 0.782864
0.000010 0.261779 0.738211
0.000010 0.279473 0.720517
0.000010 0.234310 0.765680
0.000010 0.261163 0.738827
0.000010 0.258484 0.741506
0.000010 0.196499 0.803491
0.000010 0.232322 0.767668
0.000010 0.239807 0.760183
0.000010 0.248275 0.751715
0.000010 0.229326 0.770664
0.000010 0.308241 0.691749
0.000010 0.234941 0.765049
0.000010 0.267442 0.732548
0.000010 0.246501 0.753489
0.000010 0.241134 0.758856
0.000010 0.244702 0.755288
0.000010 0.237237 0.762753
0.000010 0.225247 0.774743
0.000010 0.971525 0.028465
0.000010 0.988262 0.011728
0.000010 0.976168 0.023822
0.980781 0.006455 0.012764
0.974964 0.008303 0.016733
0.986230 0.004172 0.009598
0.981852 0.005643 0.012506
0.983035 0.005997 0.010967
0.989860 0.002659 0.007481
0.972105 0.011272 0.016623
0.980033 0.004906 0.015060
0.976618 0.010878 0.012504
0.964993 0.009753 0.025255
0.517848 0.013976 0.468176
0.481838 0.011233 0.506929
0.559095 0.005429 0.435477
0.527143 0.005729 0.467129
0.556870 0.014487 0.428642
0.665713 0.008672 0.325615
0.502228 0.008064 0.489708
0.607967 0.010987 0.381046
0.603714 0.013442 0.382844
0.562904 0.014304 0.422792
0.983082 0.012035 0.004883
0.981703 0.012668 0.005628
0.984111 0.015879 0.000010
0.986978 0.013012 0.000010
0.984274 0.015716 0.000010
0.983833 0.016157 0.000010
0.983617 0.016373 0.000010
0.988119 0.011871 0.000010
0.983015 0.014954 0.002032
0.987730 0.012260 0.000010
0.984461 0.015529 0.000010
0.975904 0.020391 0.003704
0.971386 0.015800 0.012814
0.984567 0.015423 0.000010
0.979437 0.020553 0.000010
0.975575 0.019483 0.004943
0.980728 0.018810 0.000462
0.984723 0.015267 0.000010
0.998213 0.001777 0.000010
0.999970 0.000020 0.000010
0.999980 0.000010 0.000010
0.999541 0.000449 0.000010
0.997536 0.002454 0.000010
0.998208 0.001782 0.000010
0.995361 0.004629 0.000010
0.999980 0.000010 0.000010
0.999980 0.000010 0.000010
0.993904 0.006086 0.000010
0.988546 0.009468 0.001986
0.991744 0.006756 0.001500
0.986017 0.011987 0.001996
0.983770 0.010099 0.006131
0.984638 0.010400 0.004963
0.986924 0.013066 0.000010
0.984032 0.009157 0.006811
0.982699 0.016586 0.000715
0.980362 0.015648 0.003990
0.941238 0.013884 0.044878
0.921229 0.015895 0.062876
0.948506 0.010422 0.041072
0.915627 0.008683 0.075690
0.936330 0.008319 0.055351
0.944586 0.010526 0.044888
0.923874 0.009527 0.066599
0.950178 0.010968 0.038855
0.944591 0.014506 0.040903
0.920570 0.011783 0.067648
0.000010 0.000010 0.999980
0.007596 0.000010 0.992394
0.008187 0.007605 0.984208
0.005617 0.000010 0.994373
0.002141 0.000010 0.997849
0.001212 0.000010 0.998778
0.000010 0.002453 0.997537
0.000010 0.000010 0.999980
0.000010 0.000010 0.999980
0.007654 0.000599 0.991747
0.001721 0.000010 0.998269
0.000497 0.000976 0.998527
0.009865 0.000010 0.990125
0.010675 0.002681 0.986644
0.007315 0.000010 0.992675
0.003468 0.003174 0.993358
0.000010 0.000010 0.999980
0.000010 0.000010 0.999980
0.004835 0.003628 0.991537
0.003157 0.000010 0.996833
0.110934 0.001686 0.887380
0.051884 0.004671 0.943445
0.065086 0.007565 0.927349
0.091426 0.001311 0.907263
0.064941 0.005443 0.929617
0.066210 0.003515 0.930276
0.107706 0.000800 0.891493
0.103311 0.002764 0.893925
0.059711 0.004236 0.936053
0.069246 0.008205 0.922549
0.082875 0.005377 0.911748
0.073046 0.007597 0.919358
0.070122 0.000010 0.929868
0.062249 0.005689 0.932062
0.124407 0.006962 0.868631
0.007294 0.980604 0.012102
0.010048 0.956457 0.033495
0.001654 0.966538 0.031809
0.000010 0.960923 0.039067
0.008492 0.954031 0.037477
0.002063 0.968942 0.028994
0.999980 0.000010 0.000010
0.999980 0.000010 0.000010
0.999980 0.000010 0.000010
0.999980 0.000010 0.000010
0.999980 0.000010 0.000010
0.999980 0.000010 0.000010
0.966458 0.000010 0.033532
0.999980 0.000010 0.000010
0.984808 0.000010 0.015182
0.999980 0.000010 0.000010
0.999980 0.000010 0.000010
0.999980 0.000010 0.000010
0.988603 0.000010 0.011387
0.973434 0.000010 0.026556
0.999980 0.000010 0.000010
0.999980 0.000010 0.000010
0.999980 0.000010 0.000010
0.999980 0.000010 0.000010
0.999980 0.000010 0.000010
0.983264 0.000010 0.016726
0.999980 0.000010 0.000010
0.977198 0.000010 0.022792
0.971958 0.002122 0.025920
0.984268 0.000010 0.015722
0.981294 0.000010 0.018696
0.973814 0.000010 0.026176
0.978372 0.000010 0.021618
0.003609 0.595612 0.400779
0.000010 0.834328 0.165662
0.999980 0.000010 0.000010
0.009187 0.579849 0.410964
0.007222 0.837738 0.155041
0.984315 0.000010 0.015675
0.005131 0.594283 0.400587
0.613173 0.154570 0.232257
0.000010 0.564231 0.435759
0.999980 0.000010 0.000010
0.004012 0.808319 0.187669
0.009349 0.801914 0.188736
0.009777 0.764538 0.225685
0.005868 0.764137 0.229995
0.982512 0.000010 0.017478
0.039041 0.851882 0.109077
0.999980 0.000010 0.000010
0.041532 0.831690 0.126778
0.000010 0.829546 0.170444
0.992695 0.000010 0.007295
0.007543 0.876586 0.115870
0.002637 0.900014 0.097349
0.982288 0.000010 0.017702
0.039804 0.831560 0.128637
0.011587 0.807262 0.181150
0.036008 0.854592 0.109400
0.982888 0.000010 0.017102
0.030610 0.841385 0.128005
0.005261 0.877714 0.117025
0.008222 0.886358 0.105420
0.992245 0.000010 0.007745
0.036492 0.853258 0.110250
0.020184 0.840506 0.139311
0.979144 0.000010 0.020846
0.014638 0.814882 0.170481
0.037331 0.417058 0.545611
0.021392 0.891133 0.087475
0.000010 0.897461 0.102529
0.273497 0.000010 0.726493
0.000010 0.999980 0.000010
0.000010 0.999980 0.000010
0.000010 0.999980 0.000010
0.000010 0.999980 0.000010
0.000010 0.999980 0.000010
0.000010 0.999980 0.000010
0.000010 0.999980 0.000010
0.000010 0.999980 0.000010
0.000010 0.999980 0.000010
0.000010 0.999980 0.000010
0.000010 0.994630 0.005360
0.000010 0.998537 0.001453
0.000010 0.999980 0.000010
0.000010 0.999980 0.000010
0.000010 0.997648 0.002342
0.000010 0.999980 0.000010
0.000010 0.999980 0.000010
0.000010 0.999980 0.000010
0.000017 0.999973 0.000010
0.000010 0.999980 0.000010
0.000012 0.999978 0.000010
0.000010 0.999980 0.000010
0.000010 0.999980 0.000010
0.000010 0.999980 0.000010
0.000011 0.999979 0.000010
0.000010 0.999980 0.000010
0.000010 0.999980 0.000010
0.000010 0.999980 0.000010
0.000010 0.999980 0.000010
0.000010 0.999980 0.000010
0.000010 0.999980 0.000010
0.000010 0.999980 0.000010
0.000010 0.999980 0.000010
0.000010 0.999980 0.000010
0.000010 0.999980 0.000010
0.000010 0.999980 0.000010
0.000010 0.998132 0.001858
0.000010 0.999980 0.000010
0.000010 0.999980 0.000010
0.000010 0.999980 0.000010
0.000011 0.999979 0.000010
0.000010 0.999980 0.000010
0.000010 0.999980 0.000010
0.000010 0.999980 0.000010
0.000010 0.999980 0.000010
0.000010 0.999980 0.000010
0.000010 0.999980 0.000010
0.000010 0.999980 0.000010
0.000010 0.999980 0.000010
0.024902 0.000010 0.975088
0.021719 0.004366 0.973915
0.025642 0.000010 0.974348
0.034826 0.000010 0.965164
0.065326 0.037416 0.897258
0.085496 0.035923 0.878581
0.027868 0.096727 0.875405
0.002478 0.133047 0.864475
0.006808 0.092841 0.900351
0.020679 0.000010 0.979311
0.028619 0.006536 0.964845
0.031967 0.000010 0.968023
0.035205 0.000010 0.964785
0.083552 0.025875 0.890573
0.088847 0.033038 0.878115
0.000010 0.024217 0.975773
0.067688 0.053591 0.878720
0.000010 0.094317 0.905673
0.020362 0.074431 0.905206
0.041299 0.240557 0.718144
0.029500 0.008792 0.961708
0.035064 0.000010 0.964926
0.038191 0.000010 0.961799
0.042584 0.000010 0.957406
0.000010 0.170428 0.829562
0.054265 0.042327 0.903408
0.021846 0.074538 0.903616
0.012249 0.064939 0.922812
0.011420 0.088123 0.900457
0.000010 0.090424 0.909566
0.012689 0.357151 0.630160
0.022121 0.001687 0.976192
0.038092 0.000010 0.961898
0.027781 0.000010 0.972209
0.039265 0.000010 0.960725
0.004913 0.108626 0.886461
0.003648 0.064028 0.932324
0.053730 0.053805 0.892466
0.008237 0.066895 0.924868
0.000010 0.127225 0.872765
0.022849 0.004796 0.972355
0.053301 0.000010 0.946689
0.038417 0.000010 0.961573
0.041298 0.000010 0.958692
0.000010 0.157894 0.842096
0.073465 0.025340 0.901195
0.032669 0.122229 0.845101
0.000010 0.036598 0.963392
0.000010 0.085532 0.914458
0.008400 0.099519 0.892081
0.016539 0.188261 0.795200
0.029611 0.002543 0.967846
0.028501 0.000010 0.971489
0.040114 0.000010 0.959876
0.044205 0.000010 0.955785
0.000010 0.179445 0.820545
0.073302 0.027164 0.899534
0.013045 0.059903 0.927052
0.000010 0.088549 0.911441
0.004840 0.083038 0.912122
0.013734 0.098268 0.887998
0.014020 0.007138 0.978842
0.039844 0.000010 0.960146
0.038500 0.000010 0.961490
0.001851 0.208148 0.790001
0.002215 0.200063 0.797722
0.079449 0.046920 0.873631
0.032677 0.107105 0.860218
0.000010 0.055497 0.944493
0.046038 0.088029 0.865932
0.016043 0.112111 0.871845
0.020970 0.000979 0.978051
0.033194 0.000010 0.966796
0.031422 0.000010 0.968568
0.000010 0.211028 0.788962
0.000010 0.186805 0.813185
0.025805 0.100755 0.873440
0.000081 0.122534 0.877384
0.000010 0.103384 0.896606
0.016176 0.093651 0.890173
0.007965 0.112373 0.879662
0.000010 0.111034 0.888956
0.096172 0.007263 0.896564
0.131683 0.005067 0.863250
0.027068 0.012775 0.960158
0.102734 0.006166 0.891100
0.071172 0.004676 0.924152
0.042231 0.005352 0.952417
0.010701 0.020701 0.968597
0.067459 0.018638 0.913902
0.230864 0.006588 0.762548
0.088315 0.004770 0.906915
0.121240 0.008454 0.870305
0.022083 0.012205 0.965712
0.104136 0.006711 0.889152
0.076853 0.007617 0.915530
0.050109 0.002312 0.947579
0.052761 0.007194 0.940045
0.016692 0.012961 0.970347
0.062136 0.003912 0.933952
0.095452 0.012056 0.892492
0.317146 0.000010 0.682844
0.215750 0.006164 0.778085
0.108808 0.001007 0.890185
0.025854 0.010098 0.964047
0.020207 0.010126 0.969666
0.122952 0.000712 0.876335
0.066021 0.000010 0.933969
0.041804 0.009532 0.948663
0.011325 0.015433 0.973242
0.008370 0.026402 0.965227
0.298369 0.010179 0.691452
0.812584 0.006647 0.180769
0.114832 0.000010 0.885158
0.025537 0.009836 0.964627
0.012706 0.012223 0.975071
0.106764 0.004816 0.888420
0.063922 0.007547 0.928531
0.041878 0.007421 0.950701
0.012993 0.019136 0.967872
0.024529 0.016693 0.958778
0.060777 0.002807 0.936416
0.103413 0.007961 0.888626
0.370110 0.006886 0.623003
0.828852 0.001583 0.169565
0.113347 0.005751 0.880902
0.032820 0.013429 0.953751
0.106743 0.006158 0.887099
0.110773 0.009514 0.879713
0.071724 0.003821 0.924455
0.043790 0.008048 0.948162
0.017402 0.012775 0.969823
0.077362 0.004200 0.918438
0.072226 0.007125 0.920648
0.061975 0.012654 0.925371
0.258939 0.005798 0.735263
0.800502 0.001669 0.197829
0.120732 0.005452 0.873816
0.011643 0.016468 0.971889
0.100976 0.008183 0.890841
0.116272 0.003979 0.879749
0.083553 0.000010 0.916437
0.035871 0.008474 0.955655
0.018556 0.011503 0.969941
0.061462 0.007563 0.930975
0.071807 0.000010 0.928183
0.095966 0.006519 0.897515
0.263053 0.004143 0.732804
0.830367 0.005112 0.164521
0.095051 0.001867 0.903082
0.017782 0.011538 0.970680
0.110845 0.002649 0.886506
0.072768 0.007672 0.919560
0.031923 0.006696 0.961380
0.001380 0.024572 0.974048
0.066295 0.009927 0.923778
0.034275 0.010082 0.955643
0.104491 0.012510 0.883000
0.235848 0.004120 0.760032
0.824842 0.004340 0.170818
0.094116 0.003593 0.902291
0.023321 0.007449 0.969230
0.090635 0.013204 0.896162
0.078908 0.000977 0.920114
0.052101 0.003187 0.944712
0.030337 0.030963 0.938700
0.005382 0.017136 0.977482
0.061918 0.003965 0.934117
0.108950 0.009458 0.881593
0.109212 0.011360 0.879427
0.275992 0.002605 0.721403
0.836031 0.002689 0.161280
0.857700 0.001020 0.141280
0.781634 0.003916 0.214450
0.848653 0.000010 0.151337
0.944375 0.000010 0.055615
0.719030 0.000010 0.280960
0.048637 0.000010 0.951353
0.044863 0.000010 0.955127
0.035476 0.007884 0.956641
0.058859 0.000010 0.941131
0.123440 0.000010 0.876550
0.272167 0.000010 0.727823
0.459991 0.009336 0.530673
0.840548 0.006097 0.153355
0.755956 0.002901 0.241143
0.825214 0.000010 0.174776
0.819710 0.000010 0.180280
0.039957 0.000010 0.960033
0.040799 0.000010 0.959191
0.054678 0.000010 0.945312
0.093040 0.000010 0.906950
0.110344 0.000010 0.889646
0.294875 0.001928 0.703198
0.513246 0.012272 0.474483
0.817775 0.002749 0.179475
0.756810 0.003714 0.239477
0.873783 0.000010 0.126207
0.879864 0.000606 0.119530
0.061223 0.000010 0.938767
0.052901 0.000010 0.947089
0.057646 0.000010 0.942344
0.056984 0.000010 0.943006
0.126580 0.000010 0.873410
0.296496 0.001928 0.701577
0.460084 0.018970 0.520946
0.826302 0.006431 0.167268
0.834191 0.000010 0.165799
0.601826 0.000010 0.398164
0.736312 0.000010 0.263678
0.057234 0.001774 0.940992
0.041994 0.000010 0.957996
0.060521 0.000010 0.939469
0.122953 0.000010 0.877037
0.118989 0.000010 0.881001
0.272806 0.000010 0.727184
0.568717 0.009659 0.421624
0.741709 0.000010 0.258281
0.870200 0.002313 0.127487
0.843313 0.001395 0.155292
0.408969 0.000010 0.591021
0.714509 0.000010 0.285481
0.052994 0.000010 0.946996
0.053373 0.000010 0.946617
0.053788 0.000010 0.946202
0.102393 0.000010 0.897597
0.106676 0.000010 0.893314
0.292864 0.000010 0.707126
0.462572 0.015068 0.522360
0.755711 0.000491 0.243798
0.879724 0.002640 0.117636
0.847126 0.003516 0.149357
0.672551 0.000010 0.327439
0.045987 0.000010 0.954003
0.053369 0.000124 0.946507
0.051494 0.000010 0.948496
0.117855 0.000010 0.882135
0.261877 0.000010 0.738113
0.295778 0.000010 0.704212
0.340397 0.012238 0.647365
0.734554 0.000010 0.265436
0.858829 0.005857 0.135314
0.844411 0.007853 0.147736
0.634419 0.000010 0.365571
0.050823 0.000010 0.949167
0.043832 0.000010 0.956158
0.053555 0.000010 0.946435
0.064389 0.000010 0.935601
0.123497 0.000010 0.876493
0.290784 0.000010 0.709206
0.242764 0.000010 0.757226
0.319233 0.024521 0.656246
0.770210 0.003393 0.226397
0.831150 0.005370 0.163480
0.791530 0.005220 0.203250
0.792830 0.000010 0.207160
0.036602 0.000010 0.963388
0.051789 0.000010 0.948201
0.039859 0.000010 0.960131
0.061663 0.000010 0.938327
0.104092 0.000010 0.895898
0.274888 0.000010 0.725102
0.511230 0.014361 0.474409
0.355132 0.015947 0.628921
0.455761 0.007967 0.536272
0.176731 0.010913 0.812356
0.170381 0.016318 0.813302
0.156493 0.014414 0.829092
0.434202 0.007988 0.557810
0.216718 0.011953 0.771329
0.162299 0.008347 0.829354
0.380908 0.011362 0.607731
0.189072 0.012105 0.798824
0.251904 0.020363 0.727733
0.000010 0.090677 0.909313
0.213588 0.015613 0.770799
0.305766 0.010828 0.683405
0.028772 0.133061 0.838166
0.474762 0.009154 0.516084
0.180807 0.010960 0.808232
0.307505 0.015978 0.676518
0.315197 0.015884 0.668919
0.994089 0.005901 0.000010
0.992941 0.007049 0.000010
0.991211 0.008779 0.000010
0.033730 0.000010 0.966260
0.023645 0.000010 0.976345
0.042167 0.000010 0.957823
0.020805 0.000010 0.979185
0.006680 0.002715 0.990605
0.965499 0.000010 0.034491
0.003881 0.767917 0.228202
0.994780 0.005210 0.000010
0.996094 0.003896 0.000010
0.986513 0.013477 0.000010
0.993925 0.006065 0.000010
0.034853 0.000010 0.965137
0.024062 0.000010 0.975928
0.034200 0.000010 0.965790
0.035271 0.000010 0.964719
0.002961 0.011346 0.985693
0.906716 0.000010 0.093274
0.004612 0.760362 0.235025
0.997985 0.002005 0.000010
0.994206 0.005784 0.000010
0.995167 0.004823 0.000010
0.993502 0.006488 0.000010
0.040708 0.000010 0.959282
0.023416 0.000010 0.976574
0.025541 0.000010 0.974449
0.020479 0.000010 0.979511
0.014440 0.011665 0.973895
0.019882 0.700092 0.280026
0.999980 0.000010 0.000010
0.989997 0.009993 0.000010
0.994015 0.005975 0.000010
0.035500 0.000010 0.964490
0.025114 0.000010 0.974876
0.031037 0.000010 0.968953
0.032854 0.000010 0.967136
0.002617 0.019825 0.977559
0.015839 0.712075 0.272085
0.011877 0.743132 0.244992
0.990161 0.009829 0.000010
0.992494 0.007496 0.000010
0.096912 0.000735 0.902353
0.025515 0.000010 0.974475
0.027956 0.000010 0.972034
0.025287 0.000010 0.974703
0.027054 0.000010 0.972936
0.004804 0.001099 0.994097
0.009832 0.734477 0.255690
0.009131 0.746428 0.244441
0.993719 0.006271 0.000010
0.991465 0.008525 0.000010
0.032975 0.000010 0.967015
0.053867 0.000010 0.946123
0.034184 0.000010 0.965806
0.012705 0.000010 0.987285
0.852517 0.002038 0.145445
0.010892 0.725368 0.263740
0.999980 0.000010 0.000010
0.991479 0.008511 0.000010
0.992217 0.007773 0.000010
0.061387 0.007401 0.931212
0.043985 0.001162 0.954853
0.031213 0.000010 0.968777
0.026500 0.000010 0.973490
0.025619 0.000010 0.974371
0.805328 0.003716 0.190956
0.016006 0.718243 0.265751
0.999450 0.000540 0.000010
0.991207 0.008783 0.000010
0.989610 0.010380 0.000010
0.031591 0.000092 0.968316
0.024218 0.000010 0.975772
0.029831 0.000010 0.970159
0.034648 0.000010 0.965342
0.012905 0.019019 0.968075
0.854281 0.000010 0.145709
0.004473 0.759497 0.236030
0.999980 0.000010 0.000010
0.019465 0.000010 0.980525
0.029030 0.000010 0.970960
0.021336 0.000010 0.978654
0.024227 0.000010 0.975763
0.002431 0.000010 0.997559
0.018383 0.000010 0.981607
0.014740 0.001753 0.983507
0.023411 0.000010 0.976579
0.015850 0.000010 0.984140
0.018228 0.000010 0.981762
0.014047 0.000010 0.985943
0.005998 0.026472 0.967530
0.006128 0.022039 0.971834
0.004182 0.012539 0.983279
0.006453 0.017667 0.975880
0.006541 0.020918 0.972542
0.003523 0.019150 0.977327
0.000010 0.026615 0.973375
0.004060 0.010360 0.985580
0.003467 0.011683 0.984850
0.001838 0.012198 0.985964
0.007413 0.000010 0.992577
0.003221 0.001454 0.995324
0.003484 0.001437 0.995079
0.004817 0.015455 0.979728
0.005601 0.034411 0.959988
0.008189 0.021931 0.969879
0.011043 0.022647 0.966310
0.007683 0.014026 0.978292
0.004988 0.013154 0.981858
0.007503 0.012262 0.980235
0.003821 0.009354 0.986824
0.011975 0.013087 0.974938
0.005009 0.018595 0.976396
0.001697 0.010883 0.987420
0.006200 0.012367 0.981432
0.009711 0.019226 0.971064
0.019369 0.017878 0.962754
0.001179 0.016512 0.982310
0.008597 0.020443 0.970960
0.000010 0.026596 0.973394
0.013678 0.016143 0.970179
0.010362 0.010292 0.979346
0.009103 0.024732 0.966165
0.132288 0.000010 0.867702
0.088268 0.000010 0.911722
0.098210 0.000010 0.901780
0.118991 0.000010 0.880999
0.025060 0.000010 0.974930
0.122724 0.000010 0.877266
0.016725 0.000010 0.983265
0.114276 0.000010 0.885714
0.135596 0.000010 0.864394
0.006921 0.014345 0.978734
0.002273 0.009410 0.988318
0.000010 0.010360 0.989630
0.010226 0.013435 0.976339
0.002612 0.005710 0.991677
0.008155 0.000010 0.991835
0.004524 0.014601 0.980875
0.000010 0.001312 0.998678
0.000796 0.006960 0.992244
0.007062 0.005173 0.987764
0.004710 0.028258 0.967032
0.005583 0.021426 0.972991
0.001546 0.028347 0.970108
0.013885 0.014662 0.971452
0.011436 0.030051 0.958512
