0.903625 0.000332 0.078476 0.008225 0.009342
0.940371 0.000010 0.057055 0.000010 0.002553
0.991884 0.000010 0.005495 0.000010 0.002601
0.813209 0.012992 0.149376 0.005435 0.018988
0.889459 0.026943 0.070938 0.000010 0.012649
0.959046 0.000584 0.037901 0.000010 0.002458
0.718599 0.009913 0.250414 0.015494 0.005580
0.682922 0.018874 0.261067 0.011852 0.025286
0.000010 0.802435 0.051881 0.145664 0.000010
0.000010 0.787963 0.042127 0.169890 0.000010
0.000010 0.774071 0.012320 0.213588 0.000010
0.000010 0.721193 0.013241 0.265546 0.000010
0.000010 0.586260 0.000010 0.413710 0.000010
0.000014 0.687282 0.013170 0.299524 0.000010
0.000010 0.507165 0.000010 0.492805 0.000010
0.000010 0.779382 0.000010 0.220588 0.000010
0.000010 0.628410 0.000010 0.371560 0.000010
0.000010 0.629268 0.010182 0.360529 0.000010
0.000010 0.639111 0.000010 0.360859 0.000010
0.000010 0.784941 0.082397 0.132216 0.000436
0.000010 0.622552 0.002322 0.375106 0.000010
0.000010 0.839480 0.010872 0.149628 0.000010
0.000010 0.630086 0.000010 0.369884 0.000010
0.000010 0.785719 0.003725 0.210536 0.000010
0.000010 0.810171 0.071169 0.118639 0.000010
0.000010 0.492794 0.000010 0.507176 0.000010
0.000010 0.628433 0.000010 0.371537 0.000010
0.000010 0.626242 0.000010 0.373728 0.000010
0.000010 0.523640 0.000010 0.476330 0.000010
0.000010 0.853852 0.002120 0.144008 0.000010
0.000010 0.652148 0.000010 0.347822 0.000010
0.000010 0.594764 0.000010 0.405206 0.000010
0.000010 0.568367 0.000010 0.431603 0.000010
0.000010 0.517422 0.000018 0.482540 0.000010
0.000010 0.895109 0.000010 0.099544 0.005327
0.000010 0.899276 0.000010 0.098635 0.002069
0.000010 0.903493 0.000010 0.096477 0.000010
0.000010 0.513282 0.345825 0.120554 0.020328
0.000010 0.494652 0.350983 0.134111 0.020244
0.000010 0.367374 0.536844 0.095762 0.000010
0.000010 0.501350 0.411222 0.087407 0.000010
0.000010 0.573200 0.000010 0.426770 0.000010
0.000010 0.746019 0.000010 0.253951 0.000010
0.000010 0.888480 0.000010 0.096984 0.014516
0.000010 0.903578 0.010886 0.081298 0.004228
0.000010 0.489124 0.367723 0.124802 0.018341
0.000010 0.533718 0.342672 0.118962 0.004638
0.000010 0.524397 0.341227 0.109030 0.025337
0.000010 0.719711 0.164389 0.113365 0.002526
0.000010 0.840558 0.036965 0.122457 0.000010
0.000010 0.539200 0.000010 0.460770 0.000010
0.000010 0.731324 0.000010 0.268646 0.000010
0.000010 0.717548 0.000010 0.282422 0.000010
0.000010 0.910048 0.000010 0.087681 0.002251
0.000010 0.503801 0.346675 0.126138 0.023376
0.000010 0.504919 0.347931 0.134960 0.012180
0.000010 0.538136 0.328023 0.127979 0.005852
0.000010 0.851205 0.035945 0.112830 0.000010
0.000010 0.293986 0.630395 0.069548 0.006060
0.000010 0.903454 0.000010 0.085568 0.010957
0.000010 0.903858 0.000010 0.094472 0.001650
0.000010 0.895965 0.000010 0.094956 0.009059
0.000010 0.516409 0.360348 0.112714 0.010520
0.000010 0.517882 0.349705 0.118378 0.014025
0.000010 0.502254 0.361633 0.117664 0.018439
0.000010 0.577662 0.322085 0.100233 0.000010
0.000010 0.304643 0.293180 0.402156 0.000010
0.000010 0.547376 0.000010 0.452594 0.000010
0.000010 0.709864 0.000010 0.290106 0.000010
0.000010 0.897937 0.000010 0.085265 0.016779
0.000010 0.894459 0.000010 0.096364 0.009157
0.000010 0.555391 0.320475 0.107865 0.016258
0.000010 0.512947 0.356129 0.119222 0.011692
0.000010 0.424922 0.488184 0.086874 0.000010
0.000010 0.736685 0.159258 0.104037 0.000010
0.000010 0.529517 0.000010 0.470453 0.000010
0.000010 0.716888 0.004298 0.278794 0.000010
0.000010 0.887796 0.000010 0.089584 0.022599
0.000010 0.501538 0.362946 0.117858 0.017647
0.000010 0.527161 0.343948 0.115623 0.013258
0.000010 0.542126 0.329467 0.115840 0.012557
0.000010 0.464181 0.400001 0.120053 0.015755
0.000010 0.420884 0.475987 0.103109 0.000010
0.000010 0.773721 0.109605 0.116654 0.000010
0.000010 0.230583 0.440571 0.328826 0.000010
0.000010 0.598747 0.013168 0.388065 0.000010
0.000010 0.703339 0.009673 0.286968 0.000010
0.000010 0.726500 0.000010 0.273470 0.000010
0.000010 0.885572 0.007957 0.097642 0.008819
0.000010 0.898201 0.000010 0.096455 0.005323
0.000010 0.475911 0.396165 0.116479 0.011435
0.000010 0.473949 0.399268 0.114766 0.012007
0.000010 0.514482 0.343286 0.127151 0.015071
0.000010 0.386765 0.515009 0.098206 0.000010
0.000010 0.440938 0.474479 0.084563 0.000010
0.000010 0.248705 0.483312 0.267964 0.000010
0.000010 0.557961 0.000010 0.442009 0.000010
0.000010 0.706360 0.000438 0.293182 0.000010
0.000010 0.748316 0.009922 0.241742 0.000010
0.000010 0.461347 0.404836 0.118955 0.014851
0.000010 0.511999 0.341784 0.126292 0.019915
0.000010 0.438451 0.443625 0.117904 0.000010
0.000010 0.460705 0.441609 0.093358 0.004319
0.000010 0.166172 0.616373 0.217435 0.000010
0.000010 0.509863 0.000010 0.490107 0.000010
0.000010 0.707105 0.000515 0.292360 0.000010
0.032362 0.061355 0.776114 0.036256 0.093913
0.024760 0.067783 0.787265 0.026074 0.094118
0.030766 0.070006 0.768038 0.043040 0.088151
0.029102 0.073572 0.790937 0.022917 0.083472
0.023346 0.076735 0.787242 0.031172 0.081504
0.024329 0.066935 0.798548 0.022542 0.087645
0.023583 0.055748 0.792652 0.031087 0.096930
0.025477 0.076950 0.766496 0.047471 0.083606
0.050911 0.044502 0.773737 0.029820 0.101030
0.030027 0.054137 0.788619 0.041575 0.085641
0.021237 0.057812 0.789619 0.039779 0.091552
0.045636 0.063569 0.760887 0.037426 0.092482
0.031318 0.064564 0.772154 0.041913 0.090051
0.019062 0.060986 0.798567 0.028169 0.093216
0.042046 0.069280 0.755682 0.036153 0.096839
0.017938 0.075043 0.788922 0.031637 0.086460
0.048957 0.087346 0.714098 0.038896 0.110704
0.057128 0.053526 0.763227 0.034829 0.091290
0.020662 0.065818 0.788305 0.034018 0.091197
0.071777 0.046109 0.768497 0.029454 0.084163
0.031767 0.059867 0.783919 0.036300 0.088147
0.020134 0.065100 0.789118 0.033114 0.092535
0.017777 0.051938 0.818350 0.029733 0.082201
0.022292 0.112951 0.719418 0.034843 0.110497
0.020579 0.081718 0.762316 0.033077 0.102309
0.041884 0.051448 0.796439 0.021789 0.088439
0.030957 0.056078 0.805556 0.030641 0.076768
0.023800 0.059975 0.783945 0.042545 0.089734
0.020303 0.116862 0.743602 0.034115 0.085118
0.022306 0.049954 0.790952 0.047226 0.089563
0.023751 0.062791 0.798855 0.027401 0.087201
0.067893 0.061641 0.773126 0.029862 0.067478
0.034411 0.064695 0.792096 0.031503 0.077295
0.015104 0.061511 0.794655 0.041143 0.087587
0.021182 0.053551 0.806052 0.035588 0.083627
0.032429 0.062200 0.786666 0.036549 0.082156
0.042891 0.091744 0.744386 0.027585 0.093394
0.033475 0.085980 0.746005 0.028017 0.106524
0.031674 0.081203 0.762738 0.035199 0.089186
0.037310 0.082680 0.766047 0.026685 0.087278
0.063182 0.084805 0.738987 0.027650 0.085375
0.001160 0.484273 0.413866 0.059908 0.040793
0.006663 0.492564 0.391546 0.062732 0.046494
0.002767 0.454975 0.438333 0.050555 0.053370
0.002698 0.455615 0.422276 0.064745 0.054667
0.006566 0.444661 0.446142 0.049799 0.052832
0.003354 0.477821 0.403032 0.065412 0.050380
0.008923 0.470069 0.410074 0.064682 0.046251
0.008257 0.454396 0.436525 0.043423 0.057398
0.005480 0.463632 0.444767 0.053978 0.032142
0.000010 0.495860 0.411258 0.039081 0.053791
0.001333 0.480423 0.414829 0.044837 0.058578
0.002048 0.442751 0.442322 0.059889 0.052990
0.003807 0.479967 0.417633 0.045793 0.052801
0.012194 0.479952 0.408791 0.061868 0.037196
0.047868 0.046385 0.786766 0.033199 0.085781
0.036530 0.054379 0.808686 0.024870 0.075535
0.079115 0.054904 0.764977 0.021469 0.079536
0.026896 0.058497 0.806209 0.028604 0.079795
0.064426 0.072414 0.757917 0.022260 0.082983
0.044050 0.042960 0.790787 0.032547 0.089657
0.078144 0.064024 0.735186 0.039062 0.083584
0.069917 0.056061 0.779100 0.028073 0.066849
0.051014 0.050456 0.785004 0.028050 0.085476
0.072644 0.050035 0.769366 0.034046 0.073910
0.046969 0.049874 0.801116 0.025023 0.077018
0.064958 0.059551 0.773741 0.026648 0.075101
0.072644 0.045335 0.759061 0.034131 0.088829
0.101010 0.066809 0.748908 0.008482 0.074792
0.059048 0.044970 0.781388 0.032706 0.081887
0.036586 0.059241 0.807322 0.025666 0.071185
0.064152 0.049763 0.783007 0.023874 0.079204
0.023869 0.046456 0.796123 0.043105 0.090446
0.042862 0.066201 0.787151 0.028564 0.075221
0.063133 0.062537 0.768206 0.029461 0.076663
0.029088 0.119163 0.685502 0.043389 0.122858
0.026330 0.126728 0.685412 0.039718 0.121813
0.016736 0.110334 0.702652 0.052802 0.117475
0.023489 0.103492 0.707700 0.042430 0.122889
0.018124 0.114140 0.700278 0.047674 0.119784
0.025970 0.106302 0.692257 0.048351 0.127120
0.022513 0.101349 0.724679 0.045485 0.105974
0.021907 0.115192 0.709290 0.047280 0.106330
0.017143 0.112505 0.700765 0.049531 0.120056
0.010494 0.123620 0.722238 0.041733 0.101915
0.034495 0.114199 0.681224 0.051947 0.118135
0.022119 0.128666 0.671980 0.051285 0.125949
0.016891 0.120977 0.710723 0.045155 0.106254
0.023989 0.114432 0.701100 0.053663 0.106816
0.025785 0.113921 0.710345 0.040117 0.109832
0.026240 0.142325 0.667863 0.046412 0.117160
0.026850 0.116597 0.694865 0.049380 0.112307
0.021829 0.115626 0.696976 0.051344 0.114225
0.009092 0.085249 0.759190 0.051482 0.094987
0.014956 0.116795 0.726692 0.047599 0.093958
0.008997 0.107246 0.751755 0.044737 0.087266
0.013653 0.103155 0.720769 0.054730 0.107693
0.012364 0.097162 0.751119 0.049755 0.089601
0.015350 0.109150 0.728949 0.055024 0.091527
0.021440 0.115468 0.714312 0.048398 0.100382
0.018054 0.101975 0.716393 0.057973 0.105604
0.017123 0.113715 0.712123 0.047987 0.109052
0.009249 0.085825 0.762722 0.047970 0.094233
0.017955 0.085875 0.773749 0.046026 0.076394
0.016597 0.114080 0.722358 0.052687 0.094277
0.017674 0.114202 0.721942 0.046658 0.099524
0.019281 0.108806 0.707860 0.049502 0.114551
0.013482 0.095293 0.760991 0.046529 0.083705
0.015795 0.131283 0.686965 0.050078 0.115879
0.016694 0.097224 0.752823 0.051560 0.081699
0.014380 0.105196 0.742894 0.043235 0.094294
0.016040 0.106607 0.719512 0.060848 0.096993
0.004382 0.087685 0.756074 0.055328 0.096530
0.015235 0.075962 0.750975 0.059561 0.098266
0.013034 0.094248 0.751156 0.045589 0.095973
0.008799 0.080893 0.762649 0.050716 0.096944
0.006303 0.079501 0.751992 0.063602 0.098603
0.011145 0.073138 0.746877 0.063244 0.105596
0.007484 0.085965 0.744547 0.060097 0.101907
0.008061 0.089377 0.751798 0.049136 0.101629
0.006536 0.088127 0.747999 0.056463 0.100875
0.006084 0.080557 0.751326 0.064839 0.097194
0.004252 0.100550 0.744282 0.053616 0.097301
0.005030 0.084330 0.746118 0.059444 0.105079
0.005890 0.086670 0.754752 0.051398 0.101290
0.004240 0.089514 0.758037 0.048182 0.100026
0.006745 0.076809 0.764868 0.057758 0.093819
0.007768 0.072041 0.760176 0.066733 0.093283
0.006611 0.092819 0.743626 0.052948 0.103996
0.010634 0.078164 0.746120 0.058610 0.106473
0.015788 0.205634 0.614330 0.053010 0.111237
0.014786 0.181615 0.650407 0.055306 0.097886
0.019383 0.184439 0.627435 0.060363 0.108379
0.012701 0.201783 0.637856 0.043975 0.103685
0.017603 0.180452 0.645981 0.056649 0.099314
0.011161 0.184711 0.646888 0.053973 0.103267
0.015937 0.180086 0.636594 0.058722 0.108661
0.009733 0.184338 0.654235 0.048470 0.103225
0.014637 0.190795 0.627166 0.061300 0.106101
0.005373 0.196541 0.636602 0.054053 0.107432
0.013369 0.182918 0.635546 0.064936 0.103232
0.018637 0.176049 0.648289 0.046514 0.110511
0.003778 0.186063 0.651446 0.054272 0.104442
0.014837 0.188972 0.644447 0.058649 0.093095
0.009059 0.205318 0.624304 0.051908 0.109411
0.011078 0.182311 0.644322 0.057262 0.105028
0.015836 0.178040 0.637408 0.063724 0.104992
0.015481 0.194799 0.642715 0.052992 0.094013
0.007475 0.183139 0.668118 0.045962 0.095306
0.014119 0.166464 0.658989 0.058162 0.102266
0.004776 0.185353 0.651875 0.056790 0.101206
0.009206 0.172386 0.652868 0.061319 0.104222
0.010564 0.179562 0.645333 0.061860 0.102682
0.999960 0.000010 0.000010 0.000010 0.000010
0.999960 0.000010 0.000010 0.000010 0.000010
0.999960 0.000010 0.000010 0.000010 0.000010
0.999960 0.000010 0.000010 0.000010 0.000010
0.999960 0.000010 0.000010 0.000010 0.000010
0.999960 0.000010 0.000010 0.000010 0.000010
0.999960 0.000010 0.000010 0.000010 0.000010
0.999960 0.000010 0.000010 0.000010 0.000010
0.999960 0.000010 0.000010 0.000010 0.000010
0.999960 0.000010 0.000010 0.000010 0.000010
0.999960 0.000010 0.000010 0.000010 0.000010
0.999960 0.000010 0.000010 0.000010 0.000010
0.999960 0.000010 0.000010 0.000010 0.000010
0.999960 0.000010 0.000010 0.000010 0.000010
0.999960 0.000010 0.000010 0.000010 0.000010
0.999960 0.000010 0.000010 0.000010 0.000010
0.999960 0.000010 0.000010 0.000010 0.000010
0.999960 0.000010 0.000010 0.000010 0.000010
0.999960 0.000010 0.000010 0.000010 0.000010
0.999960 0.000010 0.000010 0.000010 0.000010
0.999960 0.000010 0.000010 0.000010 0.000010
0.999960 0.000010 0.000010 0.000010 0.000010
0.000010 0.000010 0.966787 0.033183 0.000010
0.002078 0.000010 0.965131 0.029272 0.003509
0.005111 0.000010 0.958766 0.032183 0.003931
0.000708 0.000010 0.955380 0.038705 0.005197
0.001642 0.000010 0.969562 0.028777 0.000010
0.000010 0.000010 0.966891 0.028809 0.004281
0.004362 0.000010 0.961915 0.033703 0.000010
0.000394 0.000010 0.974801 0.020184 0.004611
0.001438 0.000010 0.957018 0.036306 0.005228
0.000010 0.000010 0.973512 0.026458 0.000010
0.000010 0.002223 0.962439 0.035318 0.000010
0.003994 0.000010 0.970501 0.025485 0.000010
0.006040 0.000010 0.955992 0.037948 0.000010
0.000010 0.000010 0.965264 0.031515 0.003201
0.003547 0.000010 0.956404 0.034538 0.005501
0.004861 0.000010 0.958696 0.027779 0.008654
0.003745 0.000624 0.959090 0.030025 0.006517
0.002617 0.000010 0.977269 0.020094 0.000010
0.000010 0.000010 0.957099 0.041881 0.001000
0.004018 0.001980 0.959986 0.031769 0.002247
0.000010 0.000010 0.964716 0.035254 0.000010
0.009119 0.008542 0.959614 0.015468 0.007256
0.002464 0.000010 0.966867 0.030512 0.000148
0.001795 0.000010 0.974280 0.023905 0.000010
0.006070 0.004612 0.965461 0.021837 0.002021
0.000010 0.000010 0.000010 0.000010 0.999960
0.000010 0.000010 0.000010 0.000010 0.999960
0.000010 0.000010 0.000010 0.000010 0.999960
0.000010 0.000010 0.000010 0.000010 0.999960
0.000010 0.000010 0.000010 0.000010 0.999960
0.000010 0.000010 0.000010 0.000010 0.999960
0.000010 0.000010 0.000010 0.000010 0.999960
0.000010 0.000010 0.000010 0.000010 0.999960
0.000010 0.000010 0.000010 0.000010 0.999960
0.000010 0.000010 0.000010 0.000010 0.999960
0.000010 0.000010 0.000010 0.000010 0.999960
0.000010 0.000010 0.000010 0.000010 0.999960
0.000010 0.000010 0.000010 0.000010 0.999960
0.000010 0.000010 0.000010 0.000010 0.999960
0.034116 0.000010 0.944253 0.000010 0.021610
0.038974 0.000010 0.942821 0.000010 0.018185
0.041107 0.005609 0.935673 0.000010 0.017601
0.032052 0.000010 0.938556 0.000010 0.029372
0.045265 0.000010 0.931340 0.002344 0.021041
0.039983 0.002953 0.935281 0.000010 0.021773
0.045345 0.000010 0.928403 0.000010 0.026232
0.040582 0.000010 0.943888 0.000010 0.015511
0.049815 0.000010 0.932808 0.000010 0.017357
0.044009 0.011646 0.926055 0.000010 0.018281
0.045999 0.000010 0.930295 0.000010 0.023686
0.034387 0.002451 0.938565 0.007507 0.017090
0.045496 0.000629 0.935852 0.001816 0.016207
0.033309 0.000010 0.941965 0.001950 0.022766
0.047057 0.000010 0.929956 0.000010 0.022967
0.049253 0.000010 0.927969 0.008802 0.013967
0.038040 0.000010 0.940600 0.002795 0.018555
0.039487 0.001771 0.934947 0.000010 0.023785
0.046654 0.004191 0.919937 0.003638 0.025580
0.045918 0.007865 0.925589 0.000010 0.020618
0.037900 0.000010 0.941272 0.000010 0.020808
0.045258 0.000010 0.926353 0.000010 0.028369
0.051187 0.003931 0.925069 0.005267 0.014547
0.037794 0.005180 0.940198 0.000010 0.016818
0.047989 0.003738 0.928568 0.003546 0.016159
0.049107 0.000181 0.930650 0.000010 0.020052
0.039012 0.000010 0.938499 0.000010 0.022469
0.049727 0.000010 0.921389 0.000010 0.028865
0.041062 0.000010 0.933347 0.001890 0.023691
0.045280 0.005198 0.932015 0.000010 0.017497
0.036904 0.000010 0.934248 0.001093 0.027746
0.033669 0.000010 0.940230 0.003569 0.022523
0.053648 0.000010 0.925614 0.000610 0.020119
0.029108 0.003374 0.942753 0.000010 0.024754
0.036911 0.000010 0.937350 0.000010 0.025719
0.041371 0.000010 0.936305 0.000010 0.022304
0.038699 0.004582 0.937792 0.000010 0.018917
0.035235 0.000578 0.946261 0.000010 0.017916
0.047733 0.000010 0.929600 0.001151 0.021506
0.115997 0.000010 0.869422 0.000010 0.014561
0.097061 0.000010 0.894678 0.000010 0.008241
0.137015 0.007210 0.843041 0.003321 0.009413
0.097186 0.000010 0.892386 0.000010 0.010409
0.193337 0.002810 0.793063 0.000010 0.010780
0.085598 0.000010 0.906478 0.000010 0.007904
0.111549 0.006285 0.857625 0.004661 0.019880
0.118506 0.000010 0.858758 0.000010 0.022716
0.097844 0.004011 0.871297 0.004733 0.022116
0.090756 0.000010 0.896827 0.000010 0.012397
0.092609 0.000010 0.902185 0.000010 0.005186
0.109968 0.000010 0.875629 0.000010 0.014383
0.159596 0.003783 0.821306 0.000010 0.015305
0.115056 0.003129 0.866669 0.000010 0.015135
0.109357 0.000010 0.889145 0.000010 0.001478
0.113349 0.000010 0.879466 0.000010 0.007165
0.101881 0.011651 0.869107 0.000010 0.017351
0.103969 0.004210 0.863875 0.002676 0.025269
0.112482 0.006625 0.858292 0.000010 0.022592
0.118530 0.000010 0.855703 0.000010 0.025748
0.102066 0.000010 0.895633 0.000010 0.002280
0.092516 0.000010 0.902488 0.000010 0.004976
0.175415 0.000010 0.809374 0.000010 0.015191
0.158261 0.005803 0.826549 0.000010 0.009377
0.132936 0.000623 0.845479 0.001644 0.019319
0.100885 0.000010 0.886040 0.000010 0.013055
0.123305 0.005084 0.851897 0.000010 0.019704
0.165440 0.000010 0.823223 0.000010 0.011317
0.105790 0.000010 0.880572 0.000010 0.013618
0.174424 0.004512 0.807521 0.000010 0.013533
0.099828 0.000010 0.892281 0.000010 0.007871
0.100779 0.000010 0.875771 0.000010 0.023430
0.085666 0.000010 0.904496 0.000010 0.009818
0.100580 0.002417 0.870647 0.000010 0.026346
0.135054 0.008417 0.840981 0.000010 0.015539
0.200207 0.000010 0.792197 0.000010 0.007576
0.110024 0.005942 0.867438 0.000010 0.016586
0.099408 0.000010 0.889780 0.000010 0.010792
0.086486 0.000010 0.903499 0.000010 0.009995
0.094875 0.001156 0.896300 0.000010 0.007658
0.103648 0.000010 0.888086 0.000010 0.008246
0.087649 0.000010 0.898574 0.000010 0.013757
0.080928 0.012870 0.882817 0.000965 0.022421
0.000010 0.172253 0.000010 0.000010 0.827717
0.000010 0.176503 0.000010 0.000010 0.823467
0.000010 0.169530 0.000010 0.000010 0.830440
0.000010 0.172326 0.000010 0.000932 0.826721
0.000010 0.200839 0.000010 0.000010 0.799131
0.000010 0.157896 0.000010 0.000010 0.842074
0.000010 0.171762 0.000010 0.000010 0.828208
0.004311 0.000010 0.995659 0.000010 0.000010
0.009192 0.000010 0.990778 0.000010 0.000010
0.011516 0.000010 0.988452 0.000012 0.000010
0.007287 0.000010 0.992683 0.000010 0.000010
0.011063 0.000010 0.988907 0.000010 0.000010
0.004182 0.000010 0.995788 0.000010 0.000010
0.004667 0.000010 0.995303 0.000010 0.000010
0.012522 0.000010 0.987448 0.000010 0.000010
0.007992 0.000010 0.991978 0.000010 0.000010
0.081169 0.001851 0.891960 0.000010 0.025009
0.087900 0.001524 0.890043 0.000010 0.020524
0.088490 0.000010 0.890786 0.000010 0.020705
0.078520 0.000010 0.900359 0.000010 0.021101
0.125566 0.004889 0.845795 0.000010 0.023740
0.104798 0.013951 0.862324 0.000010 0.018917
0.094193 0.000636 0.875549 0.000010 0.029613
0.133366 0.000485 0.849175 0.000010 0.016965
0.120158 0.009051 0.856543 0.000010 0.014238
0.076475 0.001033 0.907417 0.000010 0.015064
0.084463 0.000010 0.890190 0.000010 0.025326
0.086185 0.000010 0.894858 0.000010 0.018937
0.081232 0.002488 0.891614 0.000010 0.024655
0.103319 0.004976 0.874192 0.000010 0.017503
0.093104 0.001802 0.893621 0.000010 0.011464
0.090204 0.007454 0.886150 0.000010 0.016183
0.082510 0.002452 0.901081 0.000010 0.013948
0.104487 0.001627 0.877011 0.000010 0.016864
0.100601 0.000010 0.883688 0.000010 0.015692
0.117865 0.006535 0.862813 0.000010 0.012777
0.084929 0.000010 0.904471 0.000010 0.010580
0.000010 0.000010 0.000010 0.999960 0.000010
0.000010 0.000010 0.000010 0.999960 0.000010
0.000010 0.000010 0.000010 0.999960 0.000010
0.010133 0.768774 0.090278 0.000010 0.130806
0.005377 0.826152 0.052923 0.000010 0.115538
0.008376 0.751653 0.100109 0.005017 0.134846
0.016575 0.820401 0.043403 0.006940 0.112682
0.020437 0.773738 0.066290 0.000010 0.139525
0.007876 0.817434 0.058027 0.000010 0.116653
0.008461 0.777160 0.079803 0.000010 0.134566
0.012244 0.761916 0.080680 0.000010 0.145150
0.096196 0.004415 0.880827 0.000010 0.018552
0.098774 0.000010 0.878423 0.000010 0.022784
0.082715 0.000799 0.893408 0.000010 0.023069
0.103160 0.001180 0.873957 0.001901 0.019801
0.085838 0.000010 0.896230 0.000010 0.017912
0.100597 0.004055 0.876867 0.000010 0.018470
0.083475 0.002593 0.895377 0.000010 0.018545
0.132488 0.000010 0.845131 0.000010 0.022361
0.084751 0.000010 0.893950 0.000010 0.021279
0.086072 0.001479 0.891428 0.000010 0.021011
0.096719 0.005853 0.883461 0.000010 0.013956
0.091511 0.000010 0.887615 0.000010 0.020854
0.082836 0.003100 0.896138 0.000010 0.017915
0.087411 0.000010 0.890011 0.000010 0.022558
0.123887 0.003156 0.851871 0.000622 0.020464
0.079287 0.005266 0.901701 0.000010 0.013736
0.105293 0.000569 0.872506 0.000010 0.021622
0.087773 0.010871 0.878599 0.000010 0.022746
0.000010 0.931036 0.000010 0.010908 0.058036
0.000010 0.936635 0.000010 0.008471 0.054874
0.000010 0.933182 0.000010 0.020172 0.046626
0.000010 0.936898 0.000010 0.014806 0.048275
0.000010 0.921956 0.000010 0.017538 0.060486
0.000010 0.932309 0.000010 0.012055 0.055616
0.000010 0.925210 0.000010 0.024688 0.050082
0.000010 0.932169 0.000010 0.009991 0.057820
0.000010 0.926527 0.000010 0.025066 0.048387
0.000010 0.917483 0.000010 0.022897 0.059600
0.000010 0.927315 0.000010 0.016788 0.055877
0.000013 0.935081 0.000010 0.017826 0.047070
0.000010 0.935184 0.000010 0.013983 0.050813
0.000010 0.936413 0.000010 0.014933 0.048634
0.004216 0.913397 0.002820 0.024707 0.054860
0.000010 0.916509 0.000010 0.020647 0.062824
0.000010 0.939609 0.000010 0.016012 0.044359
0.000010 0.931977 0.000010 0.012043 0.055960
0.000010 0.924222 0.000010 0.015678 0.060080
0.000010 0.926574 0.000010 0.015893 0.057513
0.000010 0.917040 0.000010 0.024063 0.058877
0.000010 0.937375 0.000010 0.011770 0.050835
0.000010 0.929254 0.000010 0.020481 0.050245
0.000010 0.933969 0.000010 0.016049 0.049962
0.000010 0.916935 0.000010 0.022183 0.060863
0.000010 0.924574 0.000010 0.014021 0.061385
0.000010 0.935569 0.000010 0.000010 0.064401
0.000010 0.944777 0.000010 0.000010 0.055193
0.000010 0.928606 0.000010 0.000010 0.071364
0.000010 0.918494 0.007463 0.016482 0.057551
0.000010 0.936671 0.000010 0.005265 0.058044
0.000010 0.933360 0.000010 0.003503 0.063117
0.000010 0.922678 0.000010 0.000010 0.077292
0.000010 0.929591 0.000010 0.004309 0.066079
0.000010 0.940880 0.000010 0.005058 0.054042
0.000010 0.933306 0.000010 0.000010 0.066664
0.000015 0.928302 0.000010 0.000010 0.071663
0.000010 0.941847 0.000010 0.000010 0.058123
0.000010 0.150771 0.000010 0.000010 0.849199
0.000010 0.159123 0.000010 0.000010 0.840847
0.000010 0.923834 0.000010 0.020742 0.055404
0.000010 0.934105 0.000010 0.018004 0.047870
0.000010 0.000010 0.947932 0.052038 0.000010
0.000010 0.000010 0.946441 0.049585 0.003953
0.000010 0.000010 0.950406 0.049564 0.000010
0.000010 0.000010 0.961769 0.038201 0.000010
0.000010 0.000010 0.953068 0.046902 0.000010
0.000010 0.000010 0.954373 0.045597 0.000010
0.000010 0.000010 0.952702 0.045713 0.001565
0.000010 0.000010 0.956003 0.043967 0.000010
0.000010 0.000478 0.961561 0.037940 0.000010
0.000010 0.000010 0.969008 0.030962 0.000010
0.000010 0.000010 0.959172 0.028605 0.012203
0.000010 0.000010 0.950327 0.048488 0.001164
0.000010 0.000010 0.964987 0.034983 0.000010
0.000010 0.941568 0.000010 0.000010 0.058402
0.000010 0.920933 0.000010 0.000010 0.079037
0.000010 0.934299 0.000010 0.000010 0.065671
0.000010 0.934984 0.000010 0.007171 0.057825
0.000010 0.946244 0.000010 0.000010 0.053726
0.000010 0.924567 0.000010 0.000010 0.075403
0.000010 0.938423 0.000010 0.000010 0.061547
0.000010 0.931619 0.000010 0.000010 0.068351
0.000010 0.926905 0.000010 0.000010 0.073065
0.000010 0.918337 0.000010 0.000010 0.081633
0.000010 0.945936 0.000010 0.000010 0.054034
0.000010 0.931599 0.000010 0.012800 0.055581
0.000010 0.000010 0.000010 0.999960 0.000010
0.000010 0.000010 0.000010 0.999960 0.000010
0.000010 0.000010 0.000010 0.999960 0.000010
0.000010 0.000010 0.000010 0.999960 0.000010
0.000010 0.000010 0.000010 0.999960 0.000010
0.000010 0.000010 0.000010 0.999960 0.000010
0.000010 0.000010 0.000010 0.999960 0.000010
0.000010 0.000010 0.000010 0.999960 0.000010
0.012556 0.020304 0.067092 0.896227 0.003821
0.000010 0.036407 0.000010 0.962894 0.000679
0.000010 0.023110 0.046242 0.929465 0.001173
0.000010 0.014151 0.000010 0.979120 0.006709
0.000010 0.016433 0.053674 0.926156 0.003727
0.018961 0.012278 0.040364 0.925336 0.003061
0.032038 0.017510 0.140976 0.802478 0.006999
0.008778 0.019664 0.088380 0.881732 0.001446
0.056466 0.023616 0.040000 0.879050 0.000868
0.000010 0.020931 0.046444 0.929348 0.003267
0.015969 0.013746 0.023036 0.945108 0.002141
0.033595 0.011059 0.112707 0.839851 0.002788
0.020630 0.016722 0.154394 0.803271 0.004984
0.000010 0.014154 0.052465 0.925173 0.008198
0.009625 0.015316 0.045235 0.923042 0.006782
0.000010 0.013995 0.023177 0.953087 0.009731
0.038792 0.016682 0.049456 0.887423 0.007647
0.010572 0.019332 0.107688 0.861541 0.000867
0.000010 0.062479 0.863026 0.070942 0.003543
0.000010 0.058876 0.876378 0.063220 0.001517
0.000010 0.075275 0.850964 0.072779 0.000972
0.000010 0.070226 0.856566 0.073188 0.000010
0.000010 0.043698 0.892385 0.063179 0.000728
0.000010 0.060910 0.870429 0.068642 0.000010
0.000010 0.060082 0.880289 0.059610 0.000010
0.000010 0.055758 0.872173 0.071205 0.000855
0.000010 0.055269 0.861328 0.083383 0.000010
0.000010 0.073351 0.862067 0.064561 0.000010
0.000010 0.068891 0.859900 0.066105 0.005093
0.000010 0.080519 0.850301 0.069160 0.000010
0.000010 0.071993 0.849262 0.078725 0.000010
0.000010 0.085200 0.837747 0.077033 0.000010
0.000010 0.078775 0.852097 0.069108 0.000010
0.000010 0.060903 0.858052 0.077989 0.003046
0.000010 0.088069 0.842286 0.068870 0.000764
0.000010 0.060625 0.864478 0.071496 0.003391
0.000010 0.035242 0.889566 0.066459 0.008723
0.000010 0.072119 0.860682 0.067179 0.000010
0.000010 0.067147 0.869552 0.063282 0.000010
0.000010 0.071241 0.868796 0.059943 0.000010
0.992165 0.000010 0.006368 0.001447 0.000010
0.975629 0.000010 0.019893 0.000010 0.004459
0.978138 0.000010 0.021832 0.000010 0.000010
0.984766 0.000010 0.011602 0.000010 0.003612
0.984778 0.000010 0.015192 0.000010 0.000010
0.981674 0.000010 0.017682 0.000010 0.000624
0.978497 0.000010 0.021473 0.000010 0.000010
0.983313 0.000010 0.016657 0.000010 0.000010
0.980417 0.000010 0.019553 0.000010 0.000010
0.967978 0.000010 0.027683 0.004319 0.000010
0.970679 0.000685 0.022989 0.005636 0.000010
0.999960 0.000010 0.000010 0.000010 0.000010
0.999960 0.000010 0.000010 0.000010 0.000010
0.999960 0.000010 0.000010 0.000010 0.000010
0.999960 0.000010 0.000010 0.000010 0.000010
0.999960 0.000010 0.000010 0.000010 0.000010
0.999960 0.000010 0.000010 0.000010 0.000010
0.998669 0.000010 0.000010 0.001301 0.000010
0.988511 0.006202 0.000010 0.005267 0.000010
0.999960 0.000010 0.000010 0.000010 0.000010
0.999960 0.000010 0.000010 0.000010 0.000010
0.999960 0.000010 0.000010 0.000010 0.000010
0.999960 0.000010 0.000010 0.000010 0.000010
0.999960 0.000010 0.000010 0.000010 0.000010
0.999960 0.000010 0.000010 0.000010 0.000010
0.999960 0.000010 0.000010 0.000010 0.000010
0.999261 0.000010 0.000010 0.000010 0.000709
0.999960 0.000010 0.000010 0.000010 0.000010
0.999960 0.000010 0.000010 0.000010 0.000010
0.999960 0.000010 0.000010 0.000010 0.000010
0.999960 0.000010 0.000010 0.000010 0.000010
0.999960 0.000010 0.000010 0.000010 0.000010
0.000010 0.796380 0.091038 0.104580 0.007993
0.000010 0.811019 0.094083 0.091488 0.003400
0.000010 0.780818 0.119954 0.096947 0.002270
0.000010 0.739599 0.149192 0.100358 0.010841
0.000010 0.727879 0.170713 0.097030 0.004368
0.000010 0.797321 0.086199 0.113405 0.003065
0.000010 0.787504 0.106635 0.099041 0.006809
0.000010 0.795994 0.092666 0.100433 0.010896
0.000010 0.801172 0.095212 0.103355 0.000251
0.000010 0.800257 0.091945 0.097263 0.010525
0.001538 0.750282 0.136189 0.100508 0.011482
0.000010 0.817993 0.074267 0.101445 0.006285
0.000695 0.794825 0.101687 0.093041 0.009752
0.000010 0.805870 0.083354 0.108752 0.002014
0.000010 0.807577 0.088957 0.097361 0.006096
0.000010 0.774922 0.122092 0.097192 0.005784
0.000010 0.806354 0.094413 0.098624 0.000599
0.000010 0.766193 0.126597 0.105752 0.001448
0.000010 0.796424 0.097623 0.098037 0.007906
0.000010 0.754270 0.140745 0.103280 0.001694
0.000010 0.000010 0.000010 0.999960 0.000010
0.000010 0.938588 0.000010 0.000010 0.061382
0.000010 0.943016 0.000010 0.000010 0.056954
0.000010 0.940352 0.000010 0.000010 0.059618
0.000010 0.928277 0.000010 0.000010 0.071693
0.000010 0.926603 0.000010 0.000010 0.073367
0.000010 0.949181 0.000010 0.000010 0.050789
0.000010 0.945405 0.000010 0.000010 0.054565
0.999960 0.000010 0.000010 0.000010 0.000010
0.999960 0.000010 0.000010 0.000010 0.000010
0.999960 0.000010 0.000010 0.000010 0.000010
0.999960 0.000010 0.000010 0.000010 0.000010
0.987098 0.000010 0.004979 0.000010 0.007903
0.982624 0.000010 0.005962 0.003028 0.008376
0.979908 0.000010 0.014170 0.001601 0.004311
0.999946 0.000024 0.000010 0.000010 0.000010
0.999623 0.000010 0.000010 0.000010 0.000347
0.000010 0.000010 0.000010 0.999960 0.000010
0.000010 0.000010 0.000010 0.999960 0.000010
0.000010 0.000010 0.000010 0.999960 0.000010
0.000010 0.000010 0.000010 0.999960 0.000010
0.000010 0.000010 0.000010 0.999960 0.000010
0.000010 0.000010 0.000010 0.999960 0.000010
0.000010 0.000010 0.000012 0.999958 0.000010
0.000010 0.000010 0.000010 0.999960 0.000010
0.000010 0.000010 0.000010 0.999960 0.000010
0.000010 0.000010 0.000010 0.999960 0.000010
0.000012 0.000010 0.000010 0.999958 0.000010
0.000010 0.000010 0.000010 0.999960 0.000010
0.000010 0.940527 0.000010 0.000010 0.059443
0.000010 0.931897 0.004893 0.009026 0.054173
0.000010 0.942187 0.000010 0.000010 0.057783
0.000010 0.170815 0.000010 0.000010 0.829155
0.992554 0.000391 0.007036 0.000010 0.000010
0.999960 0.000010 0.000010 0.000010 0.000010
0.990045 0.002833 0.002914 0.002103 0.002106
0.984040 0.003428 0.005272 0.000394 0.006865
0.990961 0.003818 0.005201 0.000010 0.000010
0.990374 0.000010 0.003797 0.000010 0.005810
0.988380 0.000010 0.011590 0.000010 0.000010
0.979966 0.000010 0.008326 0.002328 0.009369
0.000010 0.015906 0.019642 0.964432 0.000010
0.000010 0.000010 0.000010 0.999960 0.000010
0.000010 0.000010 0.000010 0.999960 0.000010
0.000010 0.000010 0.000010 0.999960 0.000010
0.000010 0.012578 0.000010 0.987392 0.000010
0.000010 0.000199 0.041746 0.956898 0.001147
0.000010 0.031723 0.017147 0.947417 0.003704
0.000010 0.000010 0.000010 0.999960 0.000010
0.002603 0.019424 0.044954 0.929894 0.003124
0.000010 0.000010 0.000010 0.999960 0.000010
0.000010 0.004385 0.000015 0.995579 0.000010
0.002260 0.010672 0.055562 0.931061 0.000444
0.000010 0.027494 0.011548 0.960535 0.000412
0.000010 0.017192 0.036631 0.941320 0.004846
0.013519 0.000010 0.986451 0.000010 0.000010
0.007946 0.000010 0.992024 0.000010 0.000010
0.007536 0.000010 0.992434 0.000010 0.000010
0.008946 0.000010 0.991024 0.000010 0.000010
0.009855 0.000010 0.990115 0.000010 0.000010
0.008560 0.004106 0.987314 0.000010 0.000010
0.008947 0.000010 0.991023 0.000010 0.000010
0.004286 0.000010 0.995684 0.000010 0.000010
0.005817 0.000010 0.994153 0.000010 0.000010
0.014401 0.000010 0.984997 0.000010 0.000582
0.008756 0.000010 0.991214 0.000010 0.000010
0.009094 0.000010 0.990401 0.000485 0.000010
0.011196 0.000010 0.988774 0.000010 0.000010
0.009521 0.000010 0.990449 0.000010 0.000010
0.014757 0.000010 0.985213 0.000010 0.000010
0.006814 0.000010 0.993156 0.000010 0.000010
0.008161 0.000010 0.991809 0.000010 0.000010
0.008100 0.000010 0.991305 0.000010 0.000575
0.999960 0.000010 0.000010 0.000010 0.000010
0.999960 0.000010 0.000010 0.000010 0.000010
0.999960 0.000010 0.000010 0.000010 0.000010
0.999960 0.000010 0.000010 0.000010 0.000010
0.000010 0.933384 0.000010 0.000010 0.066586
0.000010 0.934704 0.000010 0.000010 0.065266
0.000010 0.926524 0.000010 0.000010 0.073446
0.000010 0.929018 0.000010 0.002040 0.068922
0.000010 0.932348 0.000010 0.009212 0.058419
0.000010 0.936979 0.000010 0.000010 0.062991
0.000010 0.942353 0.000010 0.000010 0.057617
0.000010 0.935684 0.000010 0.000010 0.064286
0.000010 0.940035 0.000010 0.000010 0.059935
0.000018 0.950622 0.000010 0.000010 0.049340
0.003948 0.000010 0.977610 0.017348 0.001083
0.000030 0.000013 0.985633 0.014314 0.000010
0.004559 0.000010 0.978540 0.013427 0.003464
0.000214 0.000010 0.985015 0.011638 0.003122
0.005872 0.000010 0.974026 0.017704 0.002389
0.002316 0.003394 0.974192 0.013922 0.006175
0.002225 0.000010 0.970285 0.019790 0.007689
0.003839 0.000010 0.983741 0.009539 0.002871
0.009913 0.000010 0.976258 0.005175 0.008644
0.008514 0.004376 0.969895 0.014777 0.002439
0.008678 0.000010 0.980403 0.007990 0.002918
0.005249 0.000010 0.973064 0.015299 0.006378
0.009667 0.002379 0.961438 0.022626 0.003890
0.008377 0.000010 0.969431 0.015684 0.006498
0.006841 0.000010 0.979012 0.010384 0.003753
0.001578 0.000010 0.975925 0.016637 0.005850
0.000011 0.000010 0.976895 0.017466 0.005618
0.000010 0.003660 0.980884 0.015435 0.000010
0.004861 0.000010 0.978509 0.016610 0.000010
0.000778 0.000010 0.988414 0.007943 0.002855
0.007051 0.913961 0.003937 0.007155 0.067895
0.000010 0.908372 0.000010 0.013637 0.077971
0.000010 0.904396 0.000010 0.016734 0.078850
0.000010 0.902864 0.000010 0.024077 0.073040
0.000010 0.901692 0.004498 0.020485 0.073315
0.000010 0.908822 0.000010 0.020006 0.071152
0.000010 0.917307 0.000010 0.010312 0.072361
0.000010 0.912287 0.000010 0.009705 0.077988
0.000010 0.934022 0.000010 0.000010 0.065948
0.000010 0.903946 0.000010 0.016817 0.079218
0.000010 0.921871 0.000016 0.000010 0.078093
0.000010 0.931581 0.000010 0.000010 0.068389
0.000010 0.927253 0.000010 0.000010 0.072717
0.000010 0.929414 0.000010 0.000010 0.070556
0.000010 0.935418 0.000010 0.000010 0.064552
0.000010 0.922596 0.000010 0.001500 0.075884
0.000010 0.928788 0.000010 0.000010 0.071182
0.000010 0.936045 0.000010 0.000010 0.063925
0.000010 0.933840 0.000010 0.000010 0.066130
0.000010 0.923893 0.000010 0.000010 0.076077
0.985017 0.000010 0.014953 0.000010 0.000010
0.977360 0.000016 0.021573 0.001041 0.000010
0.984871 0.000010 0.015012 0.000097 0.000010
0.000010 0.902166 0.009738 0.083153 0.004934
0.000010 0.914240 0.015763 0.033794 0.036194
0.001716 0.886497 0.029817 0.059492 0.022479
0.000010 0.890661 0.023896 0.079170 0.006263
0.000010 0.881640 0.036765 0.063499 0.018086
0.000010 0.908169 0.010596 0.062702 0.018523
0.000010 0.904160 0.007364 0.070089 0.018377
0.000010 0.880149 0.010818 0.109013 0.000010
0.000010 0.881382 0.040089 0.041965 0.036554
0.000010 0.911473 0.020961 0.044475 0.023081
0.000010 0.868115 0.050036 0.047380 0.034459
0.000010 0.870819 0.043703 0.047288 0.038180
0.000010 0.880814 0.022538 0.057043 0.039595
0.000010 0.881799 0.042110 0.043710 0.032371
0.000536 0.890752 0.028984 0.041346 0.038382
0.000010 0.894974 0.022459 0.050638 0.031919
0.000482 0.898167 0.023944 0.048260 0.029147
0.001321 0.897567 0.028249 0.046009 0.026854
0.000010 0.870281 0.048239 0.042987 0.038483
0.000012 0.893787 0.031723 0.035404 0.039074
0.000010 0.867839 0.055666 0.034389 0.042096
0.000711 0.880308 0.038897 0.040052 0.040033
0.000010 0.904285 0.029030 0.026967 0.039709
0.003013 0.865359 0.037874 0.046888 0.046865
0.000010 0.916001 0.003760 0.043659 0.036571
0.000010 0.899073 0.020117 0.056149 0.024650
0.000010 0.917792 0.005215 0.065511 0.011471
0.000010 0.883813 0.032519 0.043513 0.040144
0.000010 0.893348 0.014289 0.049860 0.042493
0.000010 0.909810 0.008384 0.067911 0.013884
0.000010 0.911133 0.005114 0.042655 0.041089
0.000010 0.909195 0.011625 0.054180 0.024991
0.000010 0.895398 0.038823 0.027684 0.038085
0.000010 0.906531 0.027695 0.036033 0.029731
0.000010 0.899453 0.019272 0.041008 0.040257
0.000010 0.859096 0.061540 0.036084 0.043270
0.000010 0.891369 0.024526 0.040747 0.043348
0.000010 0.883360 0.047991 0.030229 0.038409
0.000010 0.889621 0.026769 0.033974 0.049625
0.242687 0.000010 0.757283 0.000010 0.000010
0.239448 0.002500 0.758033 0.000010 0.000010
0.218070 0.000010 0.779568 0.002341 0.000010
0.262762 0.000010 0.737208 0.000010 0.000010
0.280382 0.000010 0.719588 0.000010 0.000010
0.235463 0.000010 0.764507 0.000010 0.000010
0.261350 0.000010 0.735598 0.000010 0.003032
0.258813 0.000010 0.738138 0.000010 0.003029
0.197814 0.000010 0.802156 0.000010 0.000010
0.233521 0.000010 0.766449 0.000010 0.000010
0.240964 0.000010 0.759006 0.000010 0.000010
0.249258 0.000010 0.750574 0.000010 0.000148
0.230471 0.000124 0.769384 0.000010 0.000010
0.309272 0.000010 0.690698 0.000010 0.000010
0.236097 0.000010 0.763873 0.000010 0.000010
0.268635 0.000010 0.731335 0.000010 0.000010
0.247110 0.001996 0.750874 0.000010 0.000010
0.242220 0.000010 0.757745 0.000015 0.000010
0.245731 0.000010 0.753909 0.000010 0.000340
0.238179 0.000010 0.761228 0.000010 0.000574
0.226431 0.000010 0.773539 0.000010 0.000010
0.971404 0.000010 0.027477 0.001099 0.000010
0.988256 0.000010 0.011714 0.000010 0.000010
0.975916 0.000010 0.023594 0.000010 0.000470
0.000010 0.915083 0.014228 0.015141 0.055538
0.000010 0.907223 0.018042 0.014434 0.060290
0.000010 0.920802 0.010850 0.023262 0.045077
0.000010 0.911183 0.013694 0.019726 0.055387
0.000010 0.920256 0.009380 0.010591 0.059764
0.000010 0.934476 0.006373 0.009214 0.049927
0.003214 0.919886 0.021450 0.005243 0.050207
0.000010 0.923330 0.014947 0.002710 0.059002
0.001516 0.911926 0.017887 0.012240 0.056431
0.000010 0.896454 0.028009 0.010550 0.064976
0.005674 0.423760 0.462023 0.058306 0.050238
0.002147 0.397729 0.500370 0.049083 0.050671
0.000156 0.464141 0.429828 0.060539 0.045336
0.000176 0.425314 0.458968 0.065880 0.049662
0.005532 0.464723 0.425682 0.059349 0.044714
0.002980 0.561060 0.326078 0.072098 0.037783
0.000091 0.410348 0.481067 0.052730 0.055764
0.003210 0.523126 0.381665 0.051553 0.040446
0.005035 0.508561 0.382379 0.061526 0.042499
0.005859 0.469131 0.420220 0.058908 0.045882
0.000011 0.899900 0.000010 0.000010 0.100068
0.000011 0.909707 0.000010 0.000010 0.090262
0.000010 0.909193 0.000011 0.000010 0.090776
0.000010 0.910783 0.000010 0.000010 0.089187
0.000010 0.901689 0.000010 0.000010 0.098281
0.000010 0.911839 0.000010 0.000010 0.088131
0.000010 0.902705 0.000010 0.000010 0.097265
0.000010 0.908904 0.000010 0.000010 0.091066
0.000010 0.906047 0.000010 0.000010 0.093923
0.000010 0.909764 0.000010 0.000010 0.090206
0.000010 0.911638 0.000010 0.000010 0.088332
0.002080 0.900453 0.000013 0.000010 0.097445
0.000304 0.889467 0.007795 0.000010 0.102424
0.000010 0.901944 0.000010 0.000010 0.098026
0.000010 0.900798 0.000010 0.000010 0.099172
0.002089 0.902774 0.000010 0.000010 0.095118
0.000010 0.909078 0.000010 0.000010 0.090892
0.000010 0.890131 0.000010 0.010242 0.099607
0.000010 0.935403 0.000010 0.000010 0.064567
0.000010 0.937905 0.000010 0.000010 0.062065
0.000010 0.948467 0.000010 0.000010 0.051503
0.000010 0.939977 0.000010 0.000010 0.059993
0.000010 0.931464 0.000010 0.000010 0.068506
0.000010 0.933911 0.000010 0.000010 0.066059
0.000010 0.939340 0.000010 0.000010 0.060630
0.000010 0.939231 0.000010 0.000010 0.060739
0.000010 0.932366 0.000010 0.000010 0.067604
0.000010 0.926479 0.000010 0.000010 0.073491
0.000010 0.909312 0.000010 0.016173 0.074494
0.000010 0.922027 0.000010 0.007499 0.070454
0.000010 0.913586 0.003013 0.007131 0.076259
0.000010 0.904401 0.004822 0.016024 0.074744
0.000010 0.906705 0.002811 0.016425 0.074048
0.000010 0.920885 0.000010 0.002403 0.076692
0.000010 0.918546 0.007282 0.003841 0.070321
0.002083 0.913651 0.006127 0.007969 0.070170
0.000010 0.898261 0.001576 0.014716 0.085437
0.002204 0.856032 0.050521 0.029571 0.061673
0.004573 0.832305 0.068267 0.032875 0.061980
0.000010 0.871863 0.046327 0.021974 0.059827
