0.005732 0.670180 0.001772 0.051908 0.002649 0.000010 0.012750 0.028888 0.226111
0.000010 0.919035 0.000010 0.071747 0.000010 0.000010 0.000010 0.000010 0.009158
0.000010 0.999920 0.000010 0.000010 0.000010 0.000010 0.000010 0.000010 0.000010
0.000010 0.716431 0.002320 0.065498 0.010976 0.011334 0.036540 0.074874 0.082018
0.000010 0.748622 0.008503 0.049735 0.004536 0.019491 0.018074 0.020702 0.130325
0.000010 0.866856 0.000010 0.032638 0.000010 0.000010 0.000010 0.010643 0.089812
0.003616 0.717770 0.000786 0.049029 0.000010 0.004004 0.026728 0.198048 0.000010
0.005002 0.668159 0.000010 0.098186 0.008129 0.018550 0.087487 0.114466 0.000010
0.000010 0.000010 0.678918 0.000010 0.000010 0.278802 0.000010 0.042221 0.000010
0.003451 0.000010 0.708151 0.000010 0.000010 0.256795 0.000010 0.031553 0.000010
0.031042 0.000010 0.782762 0.000010 0.000010 0.186136 0.000010 0.000010 0.000010
0.055826 0.000010 0.840790 0.000010 0.000010 0.103324 0.000010 0.000010 0.000010
0.169590 0.000010 0.830329 0.000013 0.000010 0.000018 0.000010 0.000010 0.000010
0.078576 0.000010 0.865513 0.000010 0.000010 0.055851 0.000010 0.000010 0.000010
0.249680 0.000010 0.750242 0.000010 0.000010 0.000018 0.000010 0.000010 0.000010
0.023123 0.000010 0.806886 0.000010 0.000010 0.169931 0.000010 0.000010 0.000010
0.120329 0.000010 0.879601 0.000010 0.000010 0.000010 0.000010 0.000010 0.000010
0.128154 0.000010 0.871776 0.000010 0.000010 0.000010 0.000010 0.000010 0.000010
0.105973 0.000010 0.893957 0.000010 0.000010 0.000010 0.000010 0.000010 0.000010
0.000010 0.000017 0.591696 0.000010 0.000010 0.328728 0.029213 0.050306 0.000010
0.130028 0.000010 0.869902 0.000010 0.000010 0.000010 0.000010 0.000010 0.000010
0.000010 0.000010 0.763528 0.000010 0.000010 0.236402 0.000010 0.000010 0.000010
0.122388 0.000010 0.877542 0.000010 0.000010 0.000010 0.000010 0.000010 0.000010
0.023669 0.000010 0.792303 0.000010 0.000010 0.183968 0.000010 0.000010 0.000010
0.000010 0.000010 0.629991 0.000010 0.000010 0.308678 0.000010 0.061271 0.000010
0.260255 0.000010 0.739675 0.000010 0.000010 0.000010 0.000010 0.000010 0.000010
0.112001 0.000010 0.887916 0.000010 0.000010 0.000015 0.000010 0.000018 0.000010
0.119069 0.000010 0.880847 0.000015 0.000010 0.000016 0.000011 0.000011 0.000010
0.234105 0.000010 0.765825 0.000010 0.000010 0.000010 0.000010 0.000010 0.000010
0.000010 0.000010 0.735315 0.000010 0.000010 0.264615 0.000010 0.000010 0.000010
0.093214 0.000010 0.906709 0.000010 0.000010 0.000017 0.000010 0.000010 0.000010
0.158860 0.000010 0.841054 0.000010 0.000010 0.000019 0.000010 0.000016 0.000010
0.182573 0.000010 0.817357 0.000010 0.000010 0.000010 0.000010 0.000010 0.000010
0.229490 0.000010 0.770431 0.000010 0.000010 0.000019 0.000010 0.000010 0.000010
0.000010 0.000010 0.510393 0.000010 0.000010 0.489537 0.000010 0.000010 0.000010
0.000010 0.000010 0.512501 0.000010 0.000010 0.487429 0.000010 0.000010 0.000010
0.000010 0.000010 0.553303 0.000010 0.000010 0.446627 0.000010 0.000010 0.000010
0.030053 0.000010 0.288039 0.000010 0.000273 0.294405 0.157618 0.229582 0.000010
0.044749 0.000010 0.290437 0.000010 0.002465 0.272232 0.167765 0.222322 0.000010
0.002050 0.000010 0.313496 0.039960 0.000010 0.130517 0.053900 0.460047 0.000010
0.000010 0.000010 0.355215 0.022348 0.000010 0.225423 0.050764 0.346210 0.000010
0.198419 0.000010 0.801511 0.000010 0.000010 0.000010 0.000010 0.000010 0.000010
0.028023 0.000010 0.906340 0.000010 0.000010 0.065577 0.000010 0.000010 0.000010
0.000010 0.000010 0.470253 0.000010 0.000010 0.529677 0.000010 0.000010 0.000010
0.000010 0.000010 0.475715 0.000010 0.000010 0.524215 0.000010 0.000010 0.000010
0.032719 0.000011 0.288546 0.000010 0.001535 0.266867 0.174253 0.236018 0.000041
0.022044 0.000010 0.319483 0.000010 0.000010 0.281289 0.161579 0.215565 0.000010
0.016754 0.000010 0.296686 0.000010 0.006931 0.299264 0.165500 0.214834 0.000010
0.000010 0.000010 0.510221 0.000010 0.002865 0.326120 0.016665 0.144089 0.000010
0.000010 0.000010 0.630415 0.002377 0.000010 0.343001 0.000010 0.024158 0.000010
0.239380 0.000010 0.760546 0.000010 0.000010 0.000010 0.000012 0.000012 0.000010
0.041803 0.000010 0.894900 0.000010 0.000010 0.063236 0.000010 0.000010 0.000010
0.043187 0.000010 0.946177 0.000010 0.000010 0.010575 0.000010 0.000010 0.000010
0.000010 0.000010 0.478309 0.000010 0.000010 0.521621 0.000010 0.000010 0.000010
0.032732 0.000010 0.300905 0.000010 0.004842 0.274116 0.160961 0.226413 0.000010
0.039695 0.000010 0.304709 0.000010 0.000010 0.268648 0.160441 0.226467 0.000010
0.037481 0.000010 0.304453 0.000010 0.000010 0.300116 0.133965 0.223945 0.000010
0.000010 0.000010 0.578386 0.000752 0.000010 0.396689 0.001352 0.022782 0.000010
0.000010 0.003304 0.186643 0.010921 0.002586 0.150687 0.104487 0.541351 0.000010
0.000010 0.000010 0.465226 0.000010 0.000010 0.534704 0.000010 0.000010 0.000010
0.000010 0.000010 0.520377 0.000010 0.000010 0.479553 0.000010 0.000010 0.000010
0.000010 0.000010 0.509737 0.000010 0.000010 0.490193 0.000010 0.000010 0.000010
0.021254 0.000010 0.293042 0.000010 0.000010 0.286752 0.162972 0.235941 0.000010
0.026180 0.000010 0.294676 0.000010 0.000010 0.290319 0.159212 0.229573 0.000010
0.020678 0.000010 0.306600 0.000010 0.000010 0.264208 0.189097 0.219377 0.000010
0.000010 0.000010 0.391567 0.013922 0.000010 0.279517 0.039967 0.274113 0.000885
0.280495 0.000010 0.383696 0.000010 0.000010 0.021578 0.058826 0.255365 0.000010
0.238253 0.000010 0.761677 0.000010 0.000010 0.000010 0.000010 0.000010 0.000010
0.054196 0.000010 0.944218 0.000014 0.000010 0.001514 0.000018 0.000010 0.000010
0.000010 0.000010 0.458401 0.000010 0.000010 0.541529 0.000010 0.000010 0.000010
0.000010 0.000010 0.467449 0.000010 0.000010 0.532481 0.000010 0.000010 0.000010
0.011983 0.001194 0.326577 0.000010 0.000232 0.304758 0.144073 0.211164 0.000010
0.028995 0.000010 0.286906 0.000010 0.000010 0.288509 0.158917 0.236632 0.000010
0.000010 0.000010 0.325709 0.041103 0.000010 0.171594 0.071359 0.390195 0.000010
0.000010 0.000010 0.521593 0.008681 0.000010 0.324543 0.023103 0.122039 0.000010
0.250793 0.000010 0.749137 0.000010 0.000010 0.000010 0.000010 0.000010 0.000010
0.038357 0.000010 0.950554 0.000010 0.000010 0.011029 0.000010 0.000010 0.000010
0.004325 0.000010 0.410247 0.000010 0.000010 0.585369 0.000010 0.000010 0.000010
0.020907 0.000010 0.310999 0.000010 0.001476 0.262034 0.156026 0.248529 0.000010
0.025836 0.000010 0.295390 0.000010 0.000010 0.297188 0.155292 0.226254 0.000010
0.021711 0.000010 0.316606 0.000010 0.000010 0.299677 0.148187 0.213779 0.000010
0.032260 0.000010 0.273163 0.000010 0.000696 0.256014 0.159575 0.278261 0.000010
0.000010 0.000010 0.359630 0.029501 0.001067 0.147596 0.064988 0.397187 0.000010
0.000010 0.000010 0.533857 0.000010 0.000010 0.363443 0.017302 0.085349 0.000010
0.221114 0.000010 0.307541 0.021222 0.000010 0.005049 0.084036 0.361008 0.000010
0.147847 0.000010 0.852083 0.000010 0.000010 0.000010 0.000010 0.000010 0.000010
0.054854 0.000010 0.918894 0.000010 0.002475 0.023727 0.000010 0.000010 0.000010
0.076710 0.000010 0.790620 0.000010 0.000010 0.132610 0.000010 0.000010 0.000010
0.000010 0.000010 0.515259 0.000010 0.000010 0.484671 0.000010 0.000010 0.000010
0.000010 0.000010 0.503559 0.000010 0.000010 0.496371 0.000010 0.000010 0.000010
0.030630 0.000010 0.264225 0.000010 0.000010 0.271684 0.147394 0.286028 0.000010
0.018402 0.000010 0.292326 0.000010 0.000010 0.248334 0.185470 0.255427 0.000010
0.035711 0.000010 0.293073 0.000010 0.000010 0.289289 0.143116 0.238771 0.000010
0.000010 0.000010 0.331089 0.027974 0.000010 0.138841 0.050247 0.451810 0.000010
0.000010 0.000010 0.339776 0.081831 0.000010 0.178365 0.057030 0.342958 0.000010
0.159003 0.000010 0.305222 0.010452 0.002331 0.023388 0.085473 0.413331 0.000790
0.205367 0.000010 0.794563 0.000010 0.000010 0.000010 0.000010 0.000010 0.000010
0.046126 0.000010 0.953804 0.000010 0.000010 0.000010 0.000010 0.000010 0.000010
0.042455 0.000010 0.811186 0.000010 0.001298 0.145011 0.000010 0.000010 0.000010
0.025700 0.000010 0.282739 0.000010 0.000010 0.241071 0.177082 0.273369 0.000010
0.030634 0.000010 0.304944 0.000010 0.004728 0.280848 0.144188 0.234628 0.000010
0.000010 0.000010 0.410491 0.010472 0.003274 0.129095 0.048996 0.397642 0.000010
0.000010 0.000010 0.346166 0.011851 0.006811 0.193735 0.050363 0.391044 0.000010
0.131420 0.000010 0.197446 0.024958 0.001310 0.024698 0.086841 0.533307 0.000010
0.249579 0.000010 0.750350 0.000010 0.000010 0.000010 0.000010 0.000010 0.000010
0.046494 0.000010 0.953436 0.000010 0.000010 0.000010 0.000010 0.000010 0.000010
0.006391 0.003234 0.000010 0.190507 0.029540 0.031525 0.695695 0.031826 0.011272
0.000010 0.005960 0.003010 0.198494 0.030414 0.030295 0.715248 0.016559 0.000010
0.010592 0.000695 0.016738 0.200835 0.025599 0.025617 0.696934 0.011933 0.011056
0.000010 0.006876 0.000010 0.198348 0.016170 0.040443 0.725401 0.011105 0.001636
0.001503 0.006233 0.003266 0.203190 0.015824 0.040130 0.715334 0.014510 0.000010
0.000010 0.000939 0.004390 0.214059 0.024902 0.028228 0.720261 0.002292 0.004920
0.003811 0.004244 0.000010 0.198285 0.029991 0.025894 0.714655 0.022772 0.000338
0.019299 0.000010 0.003143 0.191359 0.026354 0.045664 0.631609 0.071500 0.011062
0.000503 0.006473 0.001040 0.189086 0.036797 0.013628 0.699934 0.025369 0.027170
0.009490 0.004217 0.010286 0.214258 0.022043 0.012356 0.721018 0.000010 0.006322
0.007854 0.000010 0.000010 0.189782 0.024820 0.028038 0.721172 0.025424 0.002892
0.007607 0.003445 0.000010 0.172614 0.031159 0.033866 0.685645 0.040331 0.025324
0.007718 0.000216 0.001508 0.166329 0.025350 0.034092 0.705522 0.045477 0.013788
0.003428 0.002739 0.000010 0.208853 0.027942 0.029776 0.701050 0.026192 0.000010
0.004923 0.002636 0.000010 0.180266 0.025591 0.040291 0.728074 0.000010 0.018199
0.002518 0.002791 0.001550 0.187005 0.024965 0.042628 0.685805 0.052728 0.000010
0.005492 0.000647 0.004624 0.136731 0.043591 0.052134 0.693880 0.030095 0.032806
0.004464 0.003852 0.005974 0.190406 0.030376 0.021399 0.672299 0.034936 0.036295
0.004891 0.004822 0.003592 0.190975 0.026368 0.029085 0.708391 0.031867 0.000010
0.003394 0.008306 0.000010 0.220415 0.027060 0.020821 0.632417 0.041584 0.045994
0.005583 0.002183 0.002584 0.185385 0.025821 0.027024 0.698916 0.039851 0.012654
0.002472 0.000614 0.000010 0.195429 0.027718 0.033297 0.717036 0.021679 0.001745
0.001018 0.000348 0.000504 0.204543 0.021551 0.020876 0.691528 0.059623 0.000010
0.000010 0.000010 0.014565 0.148370 0.043198 0.069390 0.701756 0.015084 0.007616
0.000010 0.000010 0.014992 0.150312 0.035983 0.033472 0.718077 0.039276 0.007867
0.000010 0.000010 0.000010 0.238495 0.028724 0.023340 0.662062 0.024316 0.023033
0.005649 0.000010 0.003725 0.249667 0.017821 0.022396 0.673060 0.017589 0.010082
0.011569 0.005030 0.000010 0.187018 0.023829 0.030441 0.704745 0.035210 0.002148
0.000010 0.004250 0.030319 0.173951 0.026108 0.063910 0.641684 0.059758 0.000010
0.017628 0.000010 0.000010 0.183968 0.025124 0.018866 0.709223 0.040297 0.004874
0.002089 0.000010 0.000010 0.225687 0.020208 0.031547 0.709309 0.005603 0.005537
0.000010 0.000010 0.015776 0.205485 0.012601 0.021999 0.636736 0.056176 0.051206
0.005234 0.000010 0.004123 0.221718 0.013349 0.031629 0.693535 0.015269 0.015133
0.010058 0.000010 0.001207 0.162846 0.028650 0.028270 0.672422 0.096299 0.000237
0.000769 0.000010 0.013574 0.204717 0.021031 0.009198 0.725494 0.021542 0.003664
0.006992 0.000010 0.000010 0.202782 0.018735 0.033089 0.698540 0.026750 0.013092
0.000010 0.000010 0.009417 0.154788 0.025073 0.051175 0.714517 0.018911 0.026100
0.000010 0.000012 0.000010 0.168691 0.038566 0.052091 0.726189 0.000010 0.014421
0.005858 0.002588 0.007987 0.164730 0.027415 0.038849 0.693501 0.045860 0.013213
0.000010 0.000896 0.000010 0.164580 0.020967 0.048058 0.723061 0.023455 0.018963
0.000010 0.000070 0.008542 0.163465 0.023269 0.045221 0.669314 0.043030 0.047080
0.011455 0.000010 0.167138 0.098480 0.002436 0.355959 0.254972 0.109540 0.000010
0.009346 0.000010 0.178228 0.067852 0.008713 0.356938 0.255134 0.120945 0.002834
0.002554 0.000010 0.142442 0.070104 0.013130 0.347787 0.262785 0.161179 0.000010
0.011604 0.000944 0.169657 0.077216 0.016322 0.324431 0.277988 0.121828 0.000010
0.007022 0.001660 0.123365 0.094694 0.009296 0.349969 0.297598 0.115930 0.000465
0.011530 0.000016 0.170781 0.054975 0.013583 0.346329 0.261123 0.141653 0.000010
0.013895 0.003777 0.158210 0.079448 0.008040 0.351298 0.261535 0.123788 0.000010
0.000010 0.000010 0.149599 0.083920 0.014658 0.334453 0.298509 0.114845 0.003997
0.001210 0.000010 0.162223 0.091160 0.000010 0.335224 0.283434 0.125679 0.001050
0.000010 0.000010 0.156896 0.073560 0.007029 0.370073 0.283485 0.108927 0.000010
0.000010 0.000010 0.155079 0.074704 0.015791 0.358090 0.283160 0.113146 0.000010
0.008579 0.000010 0.146074 0.068402 0.012056 0.331142 0.289501 0.144226 0.000010
0.000010 0.000010 0.143042 0.081677 0.010596 0.370956 0.275655 0.118045 0.000010
0.007640 0.000919 0.177676 0.078807 0.000264 0.346175 0.247541 0.134406 0.006572
0.009215 0.005312 0.000010 0.239968 0.025415 0.018070 0.669170 0.010786 0.022054
0.000010 0.000010 0.010890 0.231399 0.014943 0.011681 0.701153 0.013409 0.016504
0.000010 0.009125 0.009653 0.241035 0.022755 0.015316 0.639200 0.012350 0.050555
0.000010 0.000313 0.008912 0.219869 0.020727 0.020283 0.686104 0.034925 0.008857
0.000010 0.013667 0.000010 0.222822 0.020587 0.041006 0.659971 0.011801 0.030127
0.009653 0.000010 0.000931 0.227987 0.028006 0.009738 0.679608 0.017626 0.026440
0.011710 0.004872 0.000010 0.194977 0.026656 0.037959 0.618174 0.048745 0.056898
0.002528 0.001674 0.000010 0.223178 0.009708 0.030784 0.637544 0.043697 0.050877
0.002205 0.000010 0.001920 0.233258 0.023315 0.018303 0.682100 0.006947 0.031942
0.011198 0.013625 0.000010 0.221055 0.015229 0.022046 0.654266 0.023344 0.039226
0.000010 0.000010 0.003297 0.233962 0.019549 0.019141 0.652337 0.042022 0.029672
0.000010 0.000016 0.010193 0.240487 0.017680 0.019828 0.667386 0.000010 0.044390
0.009391 0.013306 0.000010 0.227579 0.031064 0.018025 0.649819 0.010723 0.040083
0.000010 0.011300 0.000010 0.231387 0.015789 0.032386 0.622039 0.016375 0.070703
0.006145 0.005505 0.002853 0.229960 0.021090 0.012121 0.689060 0.000010 0.033255
0.000010 0.000806 0.012822 0.238550 0.014939 0.016321 0.665900 0.032914 0.017738
0.000010 0.000010 0.000010 0.231684 0.017702 0.018470 0.678168 0.009002 0.044944
0.013429 0.000010 0.000010 0.224916 0.028126 0.017918 0.700167 0.009773 0.005650
0.000010 0.006084 0.008702 0.215481 0.015376 0.029575 0.686777 0.021493 0.016502
0.001436 0.002205 0.004248 0.225121 0.015246 0.030025 0.681172 0.000010 0.040537
0.006606 0.000828 0.008985 0.104741 0.049163 0.081905 0.712255 0.022087 0.013430
0.002922 0.000010 0.009497 0.080290 0.049103 0.084973 0.721741 0.039212 0.012251
0.015587 0.004176 0.000010 0.073511 0.046223 0.079875 0.699712 0.080896 0.000010
0.005486 0.000010 0.004082 0.104412 0.051022 0.065206 0.747154 0.016990 0.005637
0.009850 0.002192 0.000010 0.088090 0.044998 0.085005 0.720178 0.047906 0.001772
0.013101 0.004578 0.000010 0.093162 0.055967 0.078469 0.695540 0.052519 0.006653
0.008406 0.009126 0.008209 0.109828 0.042770 0.065798 0.671680 0.084173 0.000010
0.007154 0.001733 0.015364 0.081350 0.036394 0.069965 0.717840 0.065680 0.004519
0.013023 0.000010 0.003141 0.092537 0.049631 0.078890 0.698898 0.059374 0.004496
0.007513 0.000010 0.000010 0.088792 0.033900 0.091440 0.683506 0.094820 0.000010
0.012338 0.000010 0.000010 0.057718 0.044101 0.081081 0.729331 0.053411 0.022000
0.014219 0.000674 0.009512 0.091975 0.051306 0.086103 0.728480 0.011935 0.005796
0.008321 0.000010 0.012465 0.103541 0.039131 0.078559 0.686800 0.066664 0.004509
0.011404 0.002852 0.022667 0.080188 0.041475 0.066828 0.677344 0.088985 0.008257
0.002403 0.001023 0.000010 0.085273 0.038685 0.083867 0.702052 0.075629 0.011058
0.011055 0.000010 0.006803 0.076895 0.044237 0.106413 0.700304 0.041424 0.012859
0.010090 0.002422 0.006408 0.080774 0.046423 0.084599 0.666378 0.090426 0.012480
0.015994 0.000010 0.002487 0.097371 0.046198 0.082287 0.700230 0.047039 0.008385
0.011380 0.001038 0.017156 0.109672 0.039309 0.043415 0.630672 0.147347 0.000010
0.013971 0.000010 0.009326 0.115957 0.034478 0.080243 0.631373 0.109985 0.004657
0.002062 0.000010 0.026920 0.106534 0.030036 0.059119 0.629134 0.146177 0.000010
0.013572 0.000010 0.002036 0.081426 0.042228 0.073413 0.678397 0.107276 0.001643
0.012012 0.000010 0.012120 0.106154 0.031747 0.059989 0.631098 0.146861 0.000010
0.017811 0.002800 0.020783 0.130199 0.036142 0.064529 0.616888 0.110838 0.000010
0.008377 0.000010 0.016666 0.091714 0.037509 0.073141 0.664380 0.098189 0.010015
0.017788 0.005817 0.005547 0.075933 0.042482 0.069384 0.658935 0.123526 0.000589
0.008742 0.003665 0.004232 0.067581 0.041456 0.078694 0.709186 0.085739 0.000705
0.009005 0.000010 0.011603 0.102086 0.036236 0.047758 0.644342 0.148951 0.000010
0.007718 0.000010 0.016072 0.131711 0.020318 0.045772 0.652650 0.121252 0.004497
0.015267 0.000010 0.011407 0.103874 0.035869 0.078041 0.636911 0.114571 0.004050
0.001172 0.000010 0.029198 0.097622 0.036125 0.064282 0.669970 0.096032 0.005589
0.008236 0.000010 0.017429 0.088004 0.047806 0.066713 0.676393 0.089435 0.005973
0.008589 0.000010 0.018167 0.113164 0.025689 0.051028 0.641890 0.139606 0.001857
0.007208 0.000010 0.019280 0.071439 0.049321 0.086545 0.671819 0.089786 0.004592
0.009314 0.000010 0.015432 0.096727 0.021785 0.059303 0.653104 0.138697 0.005627
0.007265 0.000374 0.011197 0.116493 0.033084 0.069351 0.642103 0.117000 0.003133
0.024379 0.000010 0.004073 0.098447 0.035796 0.074856 0.648032 0.110682 0.003725
0.001261 0.000010 0.019181 0.000010 0.018897 0.025646 0.848167 0.086818 0.000010
0.009930 0.000010 0.000725 0.008039 0.024663 0.036285 0.823582 0.096756 0.000010
0.000010 0.000010 0.010399 0.000010 0.025010 0.041987 0.804611 0.116023 0.001939
0.000475 0.000010 0.012149 0.000010 0.025033 0.029887 0.812287 0.120139 0.000010
0.011506 0.000010 0.008189 0.000010 0.021877 0.030396 0.846027 0.081975 0.000010
0.011548 0.000010 0.000010 0.000010 0.030857 0.029701 0.842808 0.085046 0.000010
0.008700 0.000010 0.000010 0.001929 0.028657 0.047108 0.811146 0.102430 0.000010
0.000418 0.000010 0.013252 0.008248 0.027442 0.040195 0.801830 0.108595 0.000010
0.003642 0.000010 0.011511 0.000010 0.028782 0.040160 0.796098 0.119777 0.000010
0.015048 0.000010 0.005195 0.005141 0.027110 0.038904 0.779173 0.129409 0.000010
0.003624 0.000010 0.014879 0.000010 0.023408 0.043648 0.798846 0.115564 0.000010
0.009735 0.000010 0.000448 0.000010 0.027860 0.040108 0.848487 0.073332 0.000010
0.003854 0.000010 0.000010 0.002821 0.027804 0.048461 0.796150 0.120880 0.000010
0.000010 0.000010 0.004392 0.000010 0.020888 0.041993 0.843374 0.089313 0.000010
0.010433 0.000010 0.000010 0.016762 0.023222 0.031788 0.824255 0.093510 0.000010
0.012684 0.000010 0.012412 0.000010 0.018080 0.016793 0.854621 0.085380 0.000010
0.000010 0.000010 0.010864 0.000010 0.027119 0.040393 0.838488 0.083097 0.000010
0.009231 0.000010 0.001250 0.000010 0.033078 0.035463 0.814463 0.106485 0.000010
0.011113 0.000705 0.030722 0.033858 0.043511 0.158113 0.623911 0.091756 0.006312
0.012524 0.003787 0.038321 0.072433 0.036586 0.126989 0.602916 0.105821 0.000623
0.015081 0.004169 0.037323 0.038882 0.043689 0.129166 0.631092 0.095257 0.005340
0.003121 0.000010 0.026774 0.061640 0.036591 0.156511 0.634678 0.077631 0.003045
0.017972 0.005736 0.021836 0.076324 0.030761 0.140191 0.639019 0.067988 0.000173
0.010969 0.000861 0.024170 0.043069 0.038666 0.141525 0.632004 0.107960 0.000777
0.021281 0.001574 0.010609 0.064001 0.040702 0.146431 0.647161 0.066099 0.002143
0.005961 0.000010 0.032921 0.059413 0.040671 0.132599 0.627042 0.101373 0.000010
0.014229 0.003736 0.040805 0.036064 0.042278 0.135801 0.612366 0.112354 0.002368
0.012511 0.000010 0.029489 0.049549 0.038624 0.146175 0.640633 0.082999 0.000010
0.025364 0.000010 0.017924 0.057944 0.039920 0.144473 0.609012 0.101524 0.003829
0.007039 0.000971 0.015859 0.065695 0.039293 0.137382 0.667813 0.061358 0.004590
0.013407 0.000010 0.022720 0.046762 0.035668 0.141553 0.644849 0.095021 0.000010
0.016100 0.000010 0.028364 0.051968 0.029607 0.144340 0.617912 0.108839 0.002860
0.010343 0.000010 0.028476 0.045835 0.042720 0.159861 0.623251 0.088751 0.000753
0.014133 0.000010 0.032023 0.053311 0.039996 0.134384 0.620621 0.104191 0.001331
0.020176 0.003037 0.025079 0.046588 0.037831 0.133846 0.635792 0.093850 0.003802
0.009195 0.000010 0.034030 0.065286 0.032351 0.144017 0.618810 0.091923 0.004377
0.002046 0.000010 0.031218 0.054435 0.031849 0.134124 0.623488 0.122820 0.000010
0.014476 0.000010 0.023747 0.039899 0.036497 0.120945 0.653457 0.107065 0.003905
0.015220 0.000010 0.020757 0.040223 0.033309 0.138705 0.654014 0.097751 0.000010
0.012586 0.000010 0.045713 0.048617 0.036932 0.110494 0.669570 0.075931 0.000147
0.020803 0.000010 0.021575 0.059696 0.036000 0.139017 0.634095 0.087581 0.001224
0.000010 0.809935 0.000010 0.000010 0.000010 0.000010 0.000010 0.000010 0.189995
0.000010 0.550057 0.000010 0.000010 0.000010 0.000010 0.000010 0.000010 0.449873
0.000010 0.572395 0.000010 0.000010 0.000010 0.000010 0.000010 0.000010 0.427535
0.000010 0.543529 0.000010 0.000010 0.000010 0.000010 0.000010 0.000010 0.456401
0.000010 0.553223 0.000010 0.000010 0.000010 0.000010 0.000010 0.000010 0.446707
0.000010 0.557448 0.000010 0.000010 0.000010 0.000010 0.000010 0.000010 0.442482
0.000010 0.530921 0.000010 0.000010 0.000010 0.000010 0.000010 0.000010 0.469009
0.000010 0.577468 0.000010 0.000010 0.000010 0.000010 0.000010 0.000010 0.422462
0.000010 0.804878 0.000010 0.000010 0.000010 0.000010 0.000010 0.000010 0.195052
0.000010 0.793113 0.000010 0.000010 0.000010 0.000010 0.000010 0.000010 0.206817
0.000010 0.564103 0.000010 0.000010 0.000010 0.000010 0.000010 0.000010 0.435827
0.000010 0.572944 0.000010 0.000010 0.000010 0.000010 0.000010 0.000010 0.426986
0.000010 0.564974 0.000010 0.000010 0.000010 0.000010 0.000010 0.000010 0.434956
0.000010 0.814218 0.000010 0.000010 0.000010 0.000010 0.000010 0.000010 0.185712
0.000010 0.547959 0.000010 0.000010 0.000010 0.000010 0.000010 0.000010 0.451971
0.000010 0.552016 0.000010 0.000010 0.000010 0.000010 0.000010 0.000010 0.447914
0.000010 0.533019 0.000010 0.000010 0.000010 0.000010 0.000010 0.000010 0.466911
0.000010 0.545503 0.000010 0.000010 0.000010 0.000010 0.000010 0.000010 0.454427
0.000010 0.831945 0.000010 0.000010 0.000010 0.000010 0.000010 0.000010 0.167985
0.000010 0.535607 0.000010 0.000010 0.000010 0.000010 0.000010 0.000010 0.464323
0.000010 0.810367 0.000010 0.000010 0.000010 0.000010 0.000010 0.000010 0.189563
0.000010 0.819845 0.000010 0.000010 0.000010 0.000010 0.000010 0.000010 0.180085
0.003684 0.000010 0.000010 0.187027 0.000010 0.000010 0.098993 0.710246 0.000010
0.003874 0.000010 0.000065 0.237360 0.003413 0.000010 0.092562 0.662374 0.000332
0.007757 0.001268 0.000781 0.224051 0.001324 0.000010 0.093336 0.667625 0.003848
0.004247 0.000010 0.006879 0.174631 0.005096 0.000010 0.103341 0.705647 0.000138
0.000972 0.000078 0.000010 0.189058 0.000010 0.000010 0.087907 0.721190 0.000765
0.002954 0.000010 0.000783 0.222399 0.000926 0.000010 0.117463 0.655445 0.000010
0.003048 0.000010 0.002264 0.212707 0.000010 0.000010 0.088231 0.690201 0.003518
0.000010 0.000010 0.000010 0.205966 0.005605 0.000010 0.075669 0.712711 0.000010
0.000081 0.001739 0.000010 0.139900 0.005505 0.000010 0.105829 0.746916 0.000010
0.000386 0.000010 0.000010 0.211327 0.000010 0.000010 0.089529 0.698708 0.000010
0.006580 0.000010 0.004867 0.194123 0.000010 0.000010 0.077042 0.717349 0.000010
0.004806 0.000751 0.000010 0.250191 0.000010 0.000010 0.068799 0.674005 0.001419
0.010689 0.000010 0.000010 0.214030 0.000010 0.000010 0.078876 0.689738 0.006626
0.000010 0.000010 0.000010 0.184582 0.002724 0.000010 0.106650 0.705994 0.000010
0.000010 0.000372 0.005446 0.193115 0.005252 0.000010 0.102323 0.692259 0.001213
0.000652 0.000010 0.000010 0.176008 0.008309 0.000010 0.107453 0.702801 0.004746
0.004119 0.004565 0.000010 0.213224 0.005120 0.001301 0.096536 0.675114 0.000010
0.000010 0.000010 0.001842 0.245951 0.001949 0.000010 0.027340 0.720125 0.002763
0.004981 0.000010 0.001121 0.127979 0.000010 0.000010 0.124618 0.741261 0.000010
0.004593 0.000010 0.000010 0.198761 0.001488 0.006369 0.070263 0.714040 0.004467
0.001258 0.000010 0.000010 0.155693 0.000010 0.000010 0.112808 0.730190 0.000010
0.000010 0.005838 0.000010 0.266377 0.006262 0.008260 0.070986 0.640388 0.001869
0.005368 0.000010 0.000010 0.230560 0.002479 0.000010 0.073983 0.687570 0.000010
0.000010 0.000010 0.000010 0.223344 0.000010 0.000010 0.083065 0.691900 0.001641
0.000010 0.001765 0.004704 0.235233 0.003905 0.001990 0.057915 0.690564 0.003912
0.000010 0.000012 0.000010 0.000015 0.999906 0.000010 0.000011 0.000017 0.000010
0.000010 0.000012 0.000010 0.000010 0.999906 0.000015 0.000015 0.000011 0.000010
0.000010 0.000010 0.000010 0.000010 0.999920 0.000010 0.000010 0.000010 0.000010
0.000010 0.000020 0.000010 0.000014 0.999902 0.000012 0.000013 0.000010 0.000010
0.000010 0.000010 0.000010 0.000011 0.999907 0.000015 0.000016 0.000010 0.000010
0.000010 0.000015 0.000010 0.000013 0.999902 0.000010 0.000017 0.000014 0.000010
0.000010 0.000013 0.000014 0.000010 0.999900 0.000014 0.000016 0.000014 0.000010
0.000010 0.000015 0.000010 0.000011 0.999901 0.000013 0.000019 0.000011 0.000010
0.000010 0.000010 0.000010 0.000010 0.999920 0.000010 0.000010 0.000010 0.000010
0.000010 0.000013 0.000010 0.000010 0.999912 0.000010 0.000015 0.000010 0.000010
0.000010 0.000011 0.000010 0.000016 0.999902 0.000011 0.000016 0.000014 0.000010
0.000010 0.000010 0.000013 0.000010 0.999906 0.000010 0.000012 0.000019 0.000010
0.000010 0.000010 0.000010 0.000010 0.999907 0.000010 0.000016 0.000017 0.000010
0.000010 0.000011 0.000010 0.000014 0.999905 0.000010 0.000017 0.000013 0.000010
0.000010 0.000014 0.000010 0.595722 0.002449 0.000010 0.251135 0.139572 0.011077
0.000010 0.003588 0.000010 0.599912 0.000010 0.000010 0.269732 0.117255 0.009473
0.000010 0.007779 0.001045 0.566210 0.000010 0.000010 0.249631 0.163524 0.011781
0.000010 0.005918 0.000010 0.601396 0.005470 0.000010 0.276041 0.109069 0.002076
0.003608 0.000527 0.000010 0.573981 0.000010 0.000010 0.253486 0.147777 0.020591
0.000010 0.008880 0.000010 0.587064 0.002055 0.000010 0.250708 0.144335 0.006928
0.000010 0.004253 0.000010 0.577866 0.003520 0.000010 0.257643 0.139622 0.017065
0.000010 0.004519 0.000010 0.592352 0.000010 0.000010 0.266547 0.127185 0.009358
0.000010 0.007260 0.000010 0.598467 0.000010 0.000010 0.255421 0.123642 0.015170
0.000010 0.001164 0.000199 0.579529 0.000010 0.009318 0.245686 0.145969 0.018116
0.000010 0.010104 0.000010 0.606552 0.001961 0.000010 0.258779 0.112800 0.009774
0.002501 0.001300 0.001455 0.579661 0.000010 0.000010 0.298888 0.107645 0.008528
0.001228 0.006459 0.000010 0.571030 0.000010 0.000010 0.241550 0.165753 0.013951
0.000010 0.001415 0.002547 0.575486 0.000246 0.000010 0.269613 0.142809 0.007865
0.000010 0.000480 0.000010 0.584620 0.000010 0.000010 0.286858 0.105916 0.022086
0.002548 0.007404 0.001312 0.558561 0.000010 0.000010 0.266837 0.147725 0.015593
0.001942 0.007471 0.000010 0.608820 0.000010 0.000010 0.281707 0.097003 0.003027
0.000010 0.006866 0.000010 0.580910 0.002465 0.000010 0.260392 0.141603 0.007734
0.007235 0.014014 0.000010 0.593631 0.005356 0.000010 0.245973 0.125786 0.007985
0.000010 0.000744 0.000010 0.594682 0.003502 0.006750 0.235612 0.136764 0.021928
0.000975 0.005515 0.000010 0.618430 0.002963 0.000010 0.218218 0.144325 0.009555
0.000010 0.003804 0.000010 0.566102 0.007530 0.000010 0.249505 0.155115 0.017914
0.006224 0.005735 0.000010 0.566208 0.000010 0.000010 0.249207 0.152201 0.020395
0.000010 0.008660 0.000654 0.602453 0.000010 0.000010 0.271126 0.115172 0.001905
0.001070 0.007776 0.001932 0.562761 0.000010 0.000010 0.261809 0.148514 0.016118
0.000010 0.000010 0.000010 0.579169 0.000010 0.000010 0.245548 0.150194 0.025039
0.000010 0.000010 0.000010 0.553775 0.002094 0.000010 0.249386 0.177712 0.016992
0.000010 0.006783 0.000010 0.599137 0.007153 0.000010 0.270871 0.099233 0.016793
0.001103 0.004079 0.000010 0.567628 0.001928 0.000010 0.263652 0.148141 0.013449
0.000010 0.001913 0.000010 0.597035 0.000010 0.003568 0.238124 0.141179 0.018151
0.001000 0.008440 0.000010 0.565681 0.004011 0.000010 0.278525 0.139700 0.002624
0.005348 0.002716 0.000010 0.593848 0.002974 0.000010 0.236599 0.150572 0.007923
0.000010 0.011790 0.000010 0.587970 0.000010 0.000010 0.250522 0.132941 0.016738
0.000010 0.004557 0.000010 0.563159 0.000263 0.000010 0.277701 0.151087 0.003203
0.000010 0.003199 0.000010 0.567914 0.004997 0.000010 0.261278 0.150482 0.012099
0.000010 0.002196 0.000010 0.593122 0.002022 0.000010 0.257997 0.129495 0.015139
0.000010 0.005213 0.000010 0.558486 0.000587 0.001892 0.242947 0.179723 0.011133
0.000010 0.008314 0.000010 0.605958 0.000010 0.000010 0.265742 0.119936 0.000010
0.000010 0.009725 0.000010 0.564620 0.003420 0.000010 0.242503 0.166045 0.013658
0.006473 0.009881 0.001390 0.798352 0.005207 0.000010 0.111196 0.000010 0.067480
0.000011 0.001314 0.002710 0.754958 0.000010 0.000010 0.145425 0.031262 0.064300
0.010281 0.010047 0.000010 0.591387 0.000010 0.004968 0.177581 0.105981 0.099734
0.005299 0.009273 0.003533 0.836397 0.002939 0.000010 0.093274 0.000010 0.049266
0.000010 0.000010 0.000010 0.569497 0.000318 0.008385 0.139863 0.110988 0.170920
0.002494 0.010914 0.000010 0.859056 0.000010 0.001290 0.092125 0.000010 0.034091
0.010903 0.005496 0.000010 0.568936 0.000042 0.001353 0.240456 0.091944 0.080860
0.000010 0.000010 0.000010 0.606557 0.004762 0.002788 0.213225 0.080240 0.092397
0.013318 0.002834 0.004559 0.630808 0.003806 0.000010 0.204878 0.073567 0.066220
0.004128 0.011608 0.008637 0.842068 0.003822 0.000010 0.089003 0.000010 0.040715
0.011862 0.000715 0.000010 0.845896 0.000010 0.000010 0.090175 0.000010 0.051311
0.000010 0.017530 0.000010 0.615716 0.000049 0.000010 0.188902 0.112120 0.065654
0.004309 0.002940 0.000010 0.608970 0.000010 0.007933 0.170983 0.075184 0.129662
0.001929 0.007400 0.006162 0.632021 0.001717 0.002014 0.185335 0.083570 0.079852
0.005105 0.014096 0.000010 0.817383 0.000010 0.000010 0.106933 0.000010 0.056443
0.002930 0.005904 0.000010 0.802363 0.002095 0.000647 0.113124 0.000010 0.072916
0.008893 0.010140 0.000378 0.610685 0.000010 0.007218 0.207262 0.089819 0.065594
0.007263 0.000011 0.005761 0.598668 0.005071 0.000010 0.219937 0.085921 0.077356
0.000010 0.006354 0.011509 0.598331 0.003377 0.000010 0.213475 0.087343 0.079592
0.000010 0.014516 0.000010 0.587902 0.012312 0.000010 0.184407 0.122372 0.078462
0.008323 0.000010 0.006155 0.847979 0.000010 0.000010 0.076992 0.000010 0.060511
0.007169 0.006639 0.000010 0.859778 0.000010 0.000010 0.081751 0.000010 0.044623
0.006151 0.009449 0.000010 0.589950 0.001179 0.002664 0.173096 0.079087 0.138415
0.000010 0.011022 0.010555 0.577902 0.000010 0.000010 0.172580 0.106845 0.121066
0.009283 0.000010 0.000010 0.575737 0.003944 0.000450 0.187857 0.114226 0.108484
0.009732 0.000354 0.000010 0.798303 0.007306 0.000010 0.119069 0.000010 0.065206
0.002122 0.007228 0.004536 0.608893 0.003591 0.003736 0.198387 0.082610 0.088898
0.000010 0.015021 0.007144 0.609448 0.000594 0.000010 0.138081 0.105334 0.124358
0.011982 0.006178 0.000010 0.706232 0.002770 0.000010 0.146613 0.056636 0.069570
0.005338 0.011980 0.006527 0.584884 0.002326 0.000245 0.156588 0.095602 0.136509
0.002199 0.013105 0.000624 0.787339 0.000010 0.000010 0.146273 0.000010 0.050430
0.002034 0.000010 0.000010 0.638382 0.007410 0.000094 0.207611 0.070732 0.073717
0.013374 0.008806 0.004071 0.844784 0.002220 0.000010 0.089689 0.000010 0.037036
0.004297 0.000010 0.000010 0.616312 0.009964 0.001820 0.194576 0.097805 0.075205
0.000970 0.001111 0.002855 0.579204 0.000010 0.005439 0.199853 0.101595 0.108963
0.001365 0.003289 0.000113 0.596418 0.000010 0.000010 0.143944 0.082970 0.171882
0.001087 0.005467 0.003390 0.622032 0.001337 0.007789 0.194545 0.088861 0.075493
0.009363 0.005194 0.008536 0.818061 0.001565 0.000010 0.100088 0.000010 0.057173
0.010094 0.006600 0.000150 0.853971 0.001885 0.000010 0.087530 0.000010 0.039751
0.008715 0.009982 0.009938 0.807116 0.000010 0.000010 0.117617 0.000010 0.046602
0.007863 0.000010 0.006837 0.799829 0.000010 0.000010 0.117176 0.000010 0.068255
0.007662 0.014726 0.000010 0.804006 0.000534 0.000659 0.136994 0.000010 0.035400
0.000870 0.000567 0.013189 0.568633 0.001793 0.000010 0.248448 0.110231 0.056259
0.000010 0.000010 0.000010 0.000010 0.801533 0.198397 0.000010 0.000010 0.000010
0.000010 0.000010 0.000010 0.000010 0.800389 0.199541 0.000010 0.000010 0.000010
0.000010 0.000010 0.000010 0.000010 0.804713 0.195217 0.000010 0.000010 0.000010
0.000555 0.000010 0.000010 0.000010 0.799962 0.199423 0.000010 0.000010 0.000010
0.000010 0.000010 0.000010 0.000010 0.772286 0.227644 0.000010 0.000010 0.000010
0.000010 0.000010 0.000010 0.000010 0.818188 0.181742 0.000010 0.000010 0.000010
0.000010 0.000010 0.000010 0.000010 0.803054 0.196876 0.000010 0.000010 0.000010
0.000010 0.000010 0.000010 0.467152 0.000010 0.000010 0.000010 0.532778 0.000010
0.000010 0.002631 0.000010 0.428225 0.000010 0.000010 0.000010 0.569083 0.000010
0.000010 0.003652 0.000010 0.463733 0.000010 0.000010 0.000010 0.532481 0.000084
0.000010 0.000010 0.000010 0.451271 0.000010 0.000010 0.000010 0.547349 0.001321
0.000010 0.000010 0.000010 0.463719 0.000010 0.000010 0.000010 0.532638 0.003584
0.000010 0.000010 0.000010 0.447047 0.000010 0.000010 0.000010 0.552883 0.000010
0.000010 0.000010 0.000010 0.467713 0.000010 0.000010 0.000010 0.532217 0.000010
0.000010 0.002416 0.000010 0.466953 0.000010 0.000010 0.000010 0.528628 0.001953
0.000010 0.001322 0.000010 0.442341 0.000010 0.000010 0.000010 0.554895 0.001392
0.005121 0.000010 0.001459 0.604585 0.008120 0.000010 0.205605 0.120049 0.055042
0.000010 0.000010 0.001269 0.588327 0.002986 0.000010 0.234499 0.110399 0.062490
0.002428 0.000010 0.000862 0.605597 0.003060 0.000010 0.224801 0.101594 0.061638
0.000010 0.002862 0.000010 0.592063 0.000927 0.000010 0.242366 0.111615 0.050137
0.000010 0.013781 0.001771 0.590369 0.006008 0.004747 0.220370 0.078151 0.084792
0.000010 0.012830 0.010666 0.593251 0.002708 0.004493 0.227855 0.083451 0.064737
0.000010 0.006896 0.000010 0.606894 0.014461 0.001325 0.196269 0.112127 0.062008
0.000010 0.004761 0.000010 0.620768 0.001005 0.004969 0.181531 0.083998 0.102948
0.001502 0.000010 0.007767 0.573288 0.000010 0.002765 0.197613 0.121067 0.095978
0.002162 0.004851 0.002800 0.620603 0.000010 0.000010 0.232090 0.094089 0.043385
0.000010 0.000687 0.000010 0.575905 0.006817 0.001449 0.228130 0.128191 0.058800
0.000010 0.009816 0.001652 0.601914 0.001531 0.000010 0.221409 0.113585 0.050073
0.001618 0.000409 0.000010 0.608566 0.007007 0.000010 0.225004 0.102222 0.055154
0.004223 0.000010 0.000010 0.585840 0.000010 0.003178 0.217755 0.111012 0.077963
0.000010 0.012142 0.000010 0.593349 0.000010 0.000010 0.228521 0.111796 0.054152
0.002892 0.000010 0.006229 0.572544 0.000010 0.000010 0.218755 0.133832 0.065718
0.000010 0.000010 0.000010 0.609590 0.000010 0.002452 0.217590 0.114792 0.055536
0.000010 0.009313 0.000010 0.593798 0.000793 0.000226 0.197623 0.128007 0.070221
0.000010 0.017488 0.000010 0.573263 0.000010 0.000010 0.219666 0.133118 0.056425
0.000010 0.006647 0.000978 0.591798 0.000010 0.007314 0.185963 0.121766 0.085515
0.016371 0.006958 0.000010 0.834362 0.002592 0.000010 0.097229 0.000010 0.042458
0.999910 0.000010 0.000014 0.000010 0.000012 0.000010 0.000012 0.000012 0.000010
0.999920 0.000010 0.000010 0.000010 0.000010 0.000010 0.000010 0.000010 0.000010
0.999920 0.000010 0.000010 0.000010 0.000010 0.000010 0.000010 0.000010 0.000010
0.000010 0.000010 0.000010 0.000010 0.047904 0.816759 0.126146 0.003014 0.006138
0.005024 0.000010 0.000010 0.005842 0.036907 0.875515 0.074131 0.000010 0.002551
0.006811 0.001884 0.000010 0.009956 0.056616 0.795057 0.127662 0.000010 0.001995
0.011958 0.003864 0.000010 0.000010 0.037791 0.866950 0.066736 0.001612 0.011070
0.000310 0.001892 0.000010 0.000010 0.056280 0.824080 0.102240 0.000010 0.015168
0.002351 0.000555 0.000010 0.000010 0.039729 0.863771 0.084870 0.003289 0.005415
0.000010 0.000010 0.000010 0.003570 0.055111 0.823490 0.112468 0.000010 0.005321
0.000010 0.001913 0.000010 0.000010 0.061570 0.807735 0.121661 0.000010 0.007081
0.000010 0.007294 0.000010 0.559879 0.000010 0.005471 0.220939 0.142164 0.064223
0.000010 0.004014 0.000010 0.593542 0.004195 0.000010 0.237386 0.092543 0.068291
0.001154 0.007891 0.000010 0.591042 0.003439 0.001617 0.231187 0.114372 0.049287
0.002514 0.004830 0.000010 0.582639 0.000010 0.000010 0.235891 0.100624 0.073472
0.000010 0.003415 0.000010 0.607353 0.001760 0.000010 0.215006 0.116344 0.056091
0.005552 0.003313 0.000010 0.597778 0.000032 0.003905 0.207170 0.110862 0.071378
0.000010 0.002061 0.000010 0.589956 0.001268 0.005117 0.219440 0.126297 0.055840
0.000010 0.000010 0.002043 0.622673 0.009402 0.000010 0.172545 0.087132 0.106175
0.000377 0.003737 0.000010 0.627520 0.005511 0.000010 0.211345 0.097979 0.053513
0.004864 0.000808 0.000010 0.617146 0.001391 0.002481 0.212566 0.101979 0.058754
0.000010 0.001294 0.005712 0.579591 0.000010 0.000010 0.221896 0.121885 0.069592
0.000010 0.010230 0.000010 0.603033 0.003690 0.002124 0.213276 0.113246 0.054380
0.000226 0.010626 0.000010 0.596913 0.000010 0.002820 0.223885 0.119109 0.046403
0.000010 0.001396 0.001755 0.638530 0.006881 0.000010 0.199533 0.093136 0.058749
0.000337 0.007164 0.005859 0.580607 0.003463 0.000010 0.217408 0.094375 0.090776
0.002316 0.000010 0.002936 0.602363 0.000010 0.000010 0.229969 0.109270 0.053117
0.000010 0.004241 0.000010 0.550282 0.004097 0.001499 0.218524 0.142363 0.078973
0.004122 0.000223 0.000010 0.574161 0.003934 0.009591 0.210958 0.133139 0.063863
0.000010 0.000010 0.144258 0.000010 0.001958 0.853724 0.000010 0.000010 0.000010
0.000010 0.000010 0.126660 0.000010 0.000011 0.873269 0.000010 0.000010 0.000010
0.000010 0.000010 0.149592 0.000010 0.000010 0.850338 0.000010 0.000010 0.000010
0.000010 0.000010 0.150313 0.000010 0.000010 0.849617 0.000010 0.000010 0.000010
0.000893 0.000010 0.130625 0.000010 0.005324 0.863109 0.000010 0.000010 0.000010
0.000010 0.000010 0.139067 0.000010 0.001023 0.859850 0.000010 0.000010 0.000010
0.003113 0.000010 0.150938 0.000010 0.000010 0.845889 0.000010 0.000010 0.000010
0.000010 0.000010 0.149179 0.000010 0.001930 0.848831 0.000010 0.000010 0.000010
0.005756 0.000010 0.137635 0.000010 0.000010 0.856549 0.000010 0.000010 0.000010
0.002414 0.000010 0.153695 0.000010 0.005082 0.838759 0.000010 0.000010 0.000010
0.000010 0.000010 0.144591 0.000010 0.001560 0.853789 0.000010 0.000010 0.000010
0.000010 0.000010 0.147388 0.000010 0.000010 0.852542 0.000010 0.000010 0.000010
0.000010 0.000010 0.136787 0.000010 0.000010 0.863143 0.000010 0.000010 0.000010
0.000010 0.000010 0.145221 0.000010 0.000010 0.854709 0.000010 0.000010 0.000010
0.005350 0.000010 0.141655 0.000589 0.003523 0.841389 0.003601 0.000010 0.003873
0.000253 0.000010 0.150612 0.000010 0.009388 0.839697 0.000010 0.000010 0.000010
0.000010 0.000010 0.147373 0.000010 0.000010 0.852557 0.000010 0.000010 0.000010
0.000010 0.000010 0.143236 0.000010 0.000010 0.856694 0.000010 0.000010 0.000010
0.000010 0.000010 0.138426 0.000010 0.007661 0.853853 0.000010 0.000010 0.000010
0.000010 0.000010 0.143910 0.000010 0.002872 0.853157 0.000010 0.000010 0.000010
0.005964 0.000010 0.146952 0.000010 0.004301 0.842733 0.000010 0.000010 0.000010
0.000010 0.000010 0.150002 0.000010 0.000010 0.849928 0.000010 0.000010 0.000010
0.001255 0.000010 0.134071 0.000010 0.000010 0.864614 0.000010 0.000010 0.000010
0.000010 0.000010 0.141475 0.000010 0.000010 0.858455 0.000010 0.000010 0.000010
0.005297 0.000010 0.131536 0.000010 0.008172 0.854946 0.000010 0.000010 0.000010
