0.008488 0.905105 0.080918 0.005489
0.000010 0.940995 0.058605 0.000391
0.000297 0.992263 0.007429 0.000010
0.005621 0.815919 0.154880 0.023581
0.000010 0.891238 0.074246 0.034506
0.000010 0.959541 0.038820 0.001628
0.016310 0.719477 0.252620 0.011593
0.012196 0.686580 0.267921 0.033303
0.157805 0.000010 0.043888 0.798297
0.182230 0.000010 0.034676 0.783084
0.228474 0.000010 0.008177 0.763339
0.279920 0.000010 0.008405 0.711665
0.430158 0.000010 0.000010 0.569822
0.315653 0.000010 0.008288 0.676049
0.506607 0.000010 0.000010 0.493373
0.234068 0.000010 0.000010 0.765912
0.387477 0.000010 0.000010 0.612503
0.377443 0.000010 0.004360 0.618187
0.376958 0.000010 0.000010 0.623022
0.141491 0.000010 0.071920 0.786579
0.391391 0.000010 0.000010 0.608589
0.164942 0.000010 0.004704 0.830344
0.384806 0.000010 0.000010 0.615174
0.223779 0.000010 0.000010 0.776201
0.130307 0.000010 0.060815 0.808867
0.521280 0.000010 0.000010 0.478700
0.388317 0.000010 0.000010 0.611663
0.389824 0.000010 0.000010 0.610156
0.491904 0.000010 0.000010 0.508076
0.155991 0.000010 0.000010 0.843989
0.365606 0.000010 0.000010 0.634374
0.421748 0.000010 0.000010 0.578232
0.447974 0.000010 0.000010 0.552006
0.498935 0.000010 0.000010 0.501045
0.103636 0.000010 0.000010 0.896344
0.103127 0.000010 0.000010 0.896853
0.102043 0.000010 0.000010 0.897937
0.125532 0.000010 0.344959 0.529499
0.139101 0.000010 0.350924 0.509965
0.102978 0.000010 0.533669 0.363343
0.093446 0.000010 0.404702 0.501842
0.441330 0.000010 0.000010 0.558650
0.268750 0.000010 0.000010 0.731230
0.102175 0.000010 0.000010 0.897805
0.087364 0.000010 0.006715 0.905911
0.129307 0.000010 0.367167 0.503516
0.124875 0.000010 0.336467 0.538648
0.114015 0.000010 0.342097 0.543878
0.122429 0.000010 0.154882 0.722679
0.132454 0.000010 0.028024 0.839512
0.475154 0.000010 0.000010 0.524826
0.282461 0.000010 0.000010 0.717519
0.295410 0.000010 0.000010 0.704570
0.090720 0.000010 0.000010 0.909260
0.131080 0.000010 0.347569 0.521341
0.140018 0.000010 0.344943 0.515029
0.133299 0.000010 0.322216 0.544475
0.121623 0.000010 0.027438 0.850930
0.073214 0.000010 0.629317 0.297459
0.089150 0.000010 0.000010 0.910830
0.098302 0.000010 0.000010 0.901678
0.100300 0.000010 0.000010 0.899680
0.117931 0.000010 0.356580 0.525480
0.123495 0.000010 0.346861 0.529634
0.122220 0.000010 0.360663 0.517107
0.106801 0.000010 0.314160 0.579029
0.411486 0.000010 0.291226 0.297278
0.467074 0.000010 0.000010 0.532906
0.305346 0.000010 0.000010 0.694634
0.090921 0.000010 0.000010 0.909059
0.100072 0.000010 0.000010 0.899908
0.113812 0.000052 0.317688 0.568448
0.124442 0.000010 0.352673 0.522876
0.092365 0.000010 0.483022 0.424604
0.114869 0.000010 0.148931 0.736190
0.484348 0.000010 0.000010 0.515632
0.296093 0.000010 0.000010 0.703887
0.095021 0.000017 0.000010 0.904952
0.122906 0.000010 0.361555 0.515529
0.121133 0.000010 0.340899 0.537959
0.121893 0.000010 0.325848 0.552249
0.124595 0.000010 0.399012 0.476383
0.109769 0.000010 0.470858 0.419363
0.125581 0.000010 0.098364 0.776045
0.335245 0.000010 0.439503 0.225242
0.404163 0.000010 0.008828 0.586999
0.304087 0.000010 0.002530 0.693373
0.285209 0.000010 0.000010 0.714771
0.105697 0.000010 0.001450 0.892843
0.101567 0.000010 0.000010 0.898413
0.121208 0.000010 0.393455 0.485327
0.119836 0.000010 0.396949 0.483205
0.131706 0.000010 0.341190 0.527094
0.105468 0.000010 0.511172 0.383350
0.091269 0.000010 0.469018 0.439703
0.273749 0.000010 0.482010 0.244231
0.456901 0.000010 0.000010 0.543079
0.307504 0.000010 0.000010 0.692476
0.256270 0.000010 0.001011 0.742709
0.123137 0.000010 0.403566 0.473288
0.130904 0.000010 0.341297 0.527789
0.125347 0.000010 0.438544 0.436099
0.098850 0.000010 0.436815 0.464325
0.222161 0.000010 0.616460 0.161369
0.504366 0.000010 0.000010 0.495614
0.308940 0.000010 0.000010 0.691040
0.033306 0.045140 0.800253 0.121302
0.023335 0.037008 0.813163 0.126494
0.040329 0.042251 0.792253 0.125167
0.020341 0.040254 0.813830 0.125576
0.028658 0.033580 0.810655 0.127107
0.019907 0.035337 0.823213 0.121543
0.027510 0.035514 0.819813 0.117164
0.044711 0.035546 0.789858 0.129885
0.025993 0.064163 0.802259 0.107585
0.038912 0.040814 0.813263 0.107011
0.037184 0.033364 0.814977 0.114476
0.034785 0.058131 0.786647 0.120437
0.039861 0.043344 0.797074 0.119721
0.025763 0.031246 0.825649 0.117341
0.033856 0.055227 0.781909 0.129009
0.028704 0.029143 0.812646 0.129507
0.035993 0.064116 0.743005 0.156886
0.032062 0.069200 0.788102 0.110635
0.031493 0.033534 0.812660 0.122313
0.026952 0.082857 0.792703 0.097488
0.034097 0.043635 0.808504 0.113764
0.030358 0.032913 0.813881 0.122848
0.027313 0.028176 0.841126 0.103385
0.032149 0.036727 0.748643 0.182481
0.029725 0.033847 0.789958 0.146470
0.018757 0.053222 0.821757 0.106263
0.028750 0.041195 0.826854 0.103201
0.039681 0.035784 0.808614 0.115921
0.032008 0.031434 0.766656 0.169902
0.044394 0.034104 0.815840 0.105662
0.025429 0.034536 0.823806 0.116229
0.028214 0.076304 0.792722 0.102760
0.029490 0.044241 0.813462 0.112807
0.038757 0.027219 0.818652 0.115371
0.032891 0.032288 0.830333 0.104488
0.034960 0.043725 0.808694 0.112622
0.024949 0.055026 0.769693 0.150331
0.025156 0.047875 0.773934 0.153035
0.033218 0.043958 0.786381 0.136442
0.023800 0.048731 0.789134 0.138336
0.025602 0.073895 0.763119 0.137384
0.062390 0.003449 0.419046 0.515116
0.065174 0.009268 0.398161 0.527397
0.052625 0.006267 0.447463 0.493645
0.066812 0.006691 0.431544 0.494953
0.051309 0.010001 0.455171 0.483518
0.068086 0.006988 0.410458 0.514468
0.066979 0.012027 0.416747 0.504246
0.045119 0.012594 0.446447 0.495839
0.056464 0.006671 0.448180 0.488685
0.041187 0.001776 0.420866 0.536171
0.046907 0.003803 0.426217 0.523072
0.061725 0.006315 0.451039 0.480920
0.047834 0.007273 0.425911 0.518982
0.064825 0.014082 0.413058 0.508035
0.030296 0.059532 0.810808 0.099364
0.022265 0.046014 0.830340 0.101381
0.018880 0.089266 0.787801 0.104052
0.026622 0.037936 0.828424 0.107018
0.019684 0.074841 0.781392 0.124084
0.030013 0.055604 0.816504 0.097879
0.036456 0.089302 0.757890 0.116351
0.026194 0.078670 0.798857 0.096280
0.025368 0.062357 0.808794 0.103481
0.031111 0.082307 0.790282 0.096300
0.022872 0.056493 0.822820 0.097815
0.024310 0.074629 0.794978 0.106083
0.030832 0.084455 0.784176 0.100537
0.006338 0.110862 0.770727 0.112073
0.029484 0.069964 0.805578 0.094973
0.023329 0.045440 0.828268 0.102963
0.021155 0.074189 0.806070 0.098586
0.040478 0.036221 0.821356 0.101944
0.026120 0.052732 0.808192 0.112957
0.027061 0.073488 0.789723 0.109728
0.039663 0.045605 0.717168 0.197564
0.036327 0.042772 0.715654 0.205247
0.049794 0.032397 0.732938 0.184872
0.038810 0.040061 0.739067 0.182061
0.044633 0.033338 0.730647 0.191382
0.044681 0.043325 0.724461 0.187533
0.042521 0.036618 0.752191 0.168671
0.044569 0.035682 0.736627 0.183122
0.045845 0.033203 0.731136 0.189817
0.039161 0.023392 0.748880 0.188567
0.048941 0.049916 0.710714 0.190429
0.047850 0.038298 0.704050 0.209802
0.042342 0.030897 0.737892 0.188869
0.050744 0.038587 0.728455 0.182214
0.036866 0.040195 0.739007 0.183932
0.042926 0.041541 0.697748 0.217785
0.046177 0.041793 0.723463 0.188567
0.049068 0.037766 0.725320 0.187846
0.049041 0.020927 0.784258 0.145774
0.044926 0.026428 0.751420 0.177225
0.042602 0.019890 0.775108 0.162400
0.051797 0.027262 0.749579 0.171362
0.047250 0.023616 0.775361 0.153774
0.052769 0.027142 0.753276 0.166813
0.045613 0.034256 0.740580 0.179551
0.054680 0.032794 0.742523 0.170003
0.045229 0.031354 0.740260 0.183158
0.045536 0.021486 0.788206 0.144773
0.044073 0.028251 0.794270 0.133407
0.050193 0.029394 0.746247 0.174166
0.044398 0.030682 0.748551 0.176369
0.046823 0.034841 0.736650 0.181686
0.044727 0.023804 0.783617 0.147852
0.046807 0.030354 0.716333 0.206506
0.049461 0.027062 0.775433 0.148045
0.040672 0.026523 0.767718 0.165087
0.058220 0.029582 0.743659 0.168540
0.052430 0.018537 0.780504 0.148529
0.056666 0.028244 0.777170 0.137920
0.042527 0.025347 0.776439 0.155687
0.048325 0.022011 0.788105 0.141558
0.060680 0.019005 0.778759 0.141556
0.060184 0.025421 0.775116 0.139279
0.057540 0.021693 0.771144 0.149623
0.046725 0.021772 0.778655 0.152848
0.053718 0.021387 0.773224 0.151672
0.062039 0.018729 0.778244 0.140988
0.051340 0.017241 0.769332 0.162087
0.056613 0.019896 0.772961 0.150531
0.048133 0.019224 0.781672 0.150971
0.045047 0.017835 0.784696 0.152422
0.055628 0.019914 0.789956 0.134502
0.064067 0.020694 0.784939 0.130300
0.049941 0.019855 0.771953 0.158250
0.056235 0.024497 0.773128 0.146140
0.050987 0.029230 0.640696 0.279086
0.053716 0.026762 0.674930 0.244592
0.058472 0.032780 0.653889 0.254860
0.041556 0.024475 0.663348 0.270622
0.054916 0.029692 0.670366 0.245027
0.051660 0.023386 0.672574 0.252380
0.056590 0.029983 0.662972 0.250455
0.046429 0.023141 0.679120 0.251310
0.059229 0.027331 0.653580 0.259859
0.051918 0.018487 0.663321 0.266275
0.062320 0.026121 0.660457 0.251102
0.043905 0.031913 0.675850 0.248332
0.052202 0.016219 0.677200 0.254379
0.056717 0.026297 0.667018 0.249968
0.049261 0.021536 0.651899 0.277305
0.054842 0.023992 0.670861 0.250306
0.061485 0.029056 0.663309 0.246150
0.051283 0.027542 0.664712 0.256463
0.043860 0.018167 0.691765 0.246208
0.055951 0.027217 0.684350 0.232482
0.054424 0.016619 0.676719 0.252238
0.059419 0.022200 0.679938 0.238444
0.059254 0.022960 0.670507 0.247279
0.000010 0.999968 0.000012 0.000010
0.000010 0.999970 0.000010 0.000010
0.000010 0.999970 0.000010 0.000010
0.000010 0.999970 0.000010 0.000010
0.000010 0.999970 0.000010 0.000010
0.000010 0.999970 0.000010 0.000010
0.000010 0.999969 0.000011 0.000010
0.000010 0.999970 0.000010 0.000010
0.000010 0.999966 0.000014 0.000010
0.000010 0.999970 0.000010 0.000010
0.000010 0.999970 0.000010 0.000010
0.000010 0.999968 0.000012 0.000010
0.000010 0.999970 0.000010 0.000010
0.000010 0.999970 0.000010 0.000010
0.000010 0.999969 0.000011 0.000010
0.000010 0.999970 0.000010 0.000010
0.000010 0.999970 0.000010 0.000010
0.000010 0.999970 0.000010 0.000010
0.000010 0.999969 0.000011 0.000010
0.000010 0.999969 0.000011 0.000010
0.000010 0.999970 0.000010 0.000010
0.000016 0.999964 0.000010 0.000010
0.031062 0.000010 0.968918 0.000010
0.028471 0.002560 0.968958 0.000010
0.031878 0.005347 0.962765 0.000010
0.038709 0.001454 0.959826 0.000010
0.027390 0.001389 0.971211 0.000010
0.028828 0.000010 0.971152 0.000010
0.032256 0.003707 0.964026 0.000010
0.019642 0.000825 0.979524 0.000010
0.035843 0.001864 0.962283 0.000010
0.024422 0.000016 0.975552 0.000010
0.034955 0.000010 0.965025 0.000010
0.023979 0.003908 0.972103 0.000010
0.036419 0.005648 0.957924 0.000010
0.030615 0.000010 0.969365 0.000010
0.034498 0.004055 0.961437 0.000010
0.028629 0.005869 0.965492 0.000010
0.028647 0.004509 0.962728 0.004116
0.018434 0.002498 0.979058 0.000010
0.040506 0.000010 0.959474 0.000010
0.031266 0.004161 0.963340 0.001232
0.033543 0.000010 0.966437 0.000010
0.015373 0.009801 0.964426 0.010400
0.028545 0.002157 0.969288 0.000010
0.021915 0.001465 0.976609 0.000010
0.021983 0.006121 0.968617 0.003280
0.000010 0.141872 0.221991 0.636127
0.000010 0.135468 0.224963 0.639558
0.000010 0.134729 0.223220 0.642041
0.000010 0.135624 0.236303 0.628063
0.000010 0.137143 0.231056 0.631791
0.000010 0.131836 0.227508 0.640647
0.000010 0.140153 0.223267 0.636569
0.000010 0.142754 0.222525 0.634711
0.000010 0.137330 0.225279 0.637381
0.000010 0.141594 0.221126 0.637270
0.000010 0.134414 0.230591 0.634985
0.000010 0.141067 0.223496 0.635427
0.000010 0.137189 0.235647 0.627154
0.000010 0.138980 0.229572 0.631438
0.000010 0.038041 0.956741 0.005209
0.000010 0.042537 0.954820 0.002633
0.000010 0.043103 0.942394 0.014493
0.000010 0.036903 0.952426 0.010660
0.002106 0.047881 0.940006 0.010007
0.000010 0.042923 0.944949 0.012118
0.000010 0.050456 0.943400 0.006134
0.000010 0.043351 0.954632 0.002007
0.000010 0.052593 0.942324 0.005073
0.000010 0.046409 0.934274 0.019307
0.000010 0.050597 0.944938 0.004455
0.007231 0.036585 0.946857 0.009326
0.000010 0.048127 0.945380 0.006483
0.004665 0.037259 0.954316 0.003760
0.000010 0.050499 0.941875 0.007616
0.009676 0.051361 0.936118 0.002845
0.002989 0.040838 0.950197 0.005975
0.000010 0.043141 0.946628 0.010221
0.003174 0.050066 0.931414 0.015346
0.000010 0.048462 0.934109 0.017419
0.000010 0.040735 0.951206 0.008049
0.000010 0.050017 0.940336 0.009638
0.004151 0.053041 0.932528 0.010280
0.000010 0.039988 0.947397 0.012605
0.003469 0.050219 0.936782 0.009530
0.000010 0.051478 0.939268 0.009244
0.000010 0.043215 0.951465 0.005310
0.000010 0.054838 0.936937 0.008215
0.002054 0.044528 0.944407 0.009011
0.000010 0.047393 0.939984 0.012614
0.003677 0.041157 0.946991 0.008176
0.005691 0.037900 0.952963 0.003446
0.000010 0.056734 0.935243 0.008013
0.000010 0.031996 0.953246 0.014748
0.000010 0.040428 0.948380 0.011182
0.000010 0.045630 0.950072 0.004288
0.000010 0.041426 0.947220 0.011344
0.000010 0.037351 0.954610 0.008029
0.003043 0.051135 0.940088 0.005734
0.000010 0.119311 0.880669 0.000010
0.000010 0.098374 0.901606 0.000010
0.002513 0.137940 0.848397 0.011150
0.000010 0.099251 0.900729 0.000010
0.000010 0.194535 0.798455 0.007000
0.000010 0.086886 0.913094 0.000010
0.003653 0.114179 0.866122 0.016046
0.000010 0.121540 0.867372 0.011077
0.003848 0.100901 0.880643 0.014607
0.000010 0.093377 0.906603 0.000010
0.000010 0.093063 0.906917 0.000010
0.000010 0.113104 0.886876 0.000010
0.000010 0.161524 0.828110 0.010356
0.000010 0.116920 0.873308 0.009762
0.000010 0.108861 0.891119 0.000010
0.000010 0.114546 0.885434 0.000010
0.000010 0.104068 0.876871 0.019051
0.001971 0.107194 0.873406 0.017429
0.000010 0.115322 0.866811 0.017857
0.000010 0.123574 0.870220 0.006196
0.000010 0.101744 0.898236 0.000010
0.000010 0.092881 0.907099 0.000010
0.000010 0.177253 0.815668 0.007069
0.000010 0.159337 0.831883 0.008770
0.001054 0.135283 0.852744 0.010919
0.000010 0.103723 0.896257 0.000010
0.000010 0.125676 0.859161 0.015154
0.000010 0.167017 0.829589 0.003385
0.000010 0.108853 0.891127 0.000010
0.000010 0.176051 0.813743 0.010196
0.000010 0.101154 0.898826 0.000010
0.000010 0.104604 0.887814 0.007572
0.000010 0.087521 0.912459 0.000010
0.000010 0.104645 0.881799 0.013546
0.000010 0.137132 0.848658 0.014200
0.000010 0.201490 0.798490 0.000010
0.000010 0.112040 0.874511 0.013439
0.000010 0.101612 0.898368 0.000010
0.000010 0.088428 0.911552 0.000010
0.000010 0.095601 0.901144 0.003245
0.000010 0.105201 0.894779 0.000010
0.000010 0.090582 0.909005 0.000403
0.000572 0.083815 0.891907 0.023706
0.000010 0.111031 0.193013 0.695945
0.000010 0.113369 0.188967 0.697654
0.000010 0.110601 0.188536 0.700853
0.000940 0.107218 0.193405 0.698437
0.000010 0.110188 0.186642 0.703160
0.000010 0.117148 0.191438 0.691404
0.000010 0.107006 0.196287 0.696697
0.000010 0.004450 0.995530 0.000010
0.000010 0.008716 0.991264 0.000010
0.000010 0.011269 0.988711 0.000010
0.000010 0.006549 0.993431 0.000010
0.000010 0.010389 0.989591 0.000010
0.000010 0.003631 0.996349 0.000010
0.000010 0.004054 0.995926 0.000010
0.000010 0.011625 0.988355 0.000010
0.000010 0.007602 0.992378 0.000010
0.000010 0.084637 0.902178 0.013175
0.000010 0.090742 0.899037 0.010212
0.000010 0.091692 0.901300 0.006998
0.000010 0.082057 0.911737 0.006197
0.000010 0.129077 0.855775 0.015138
0.000010 0.107138 0.869518 0.023334
0.000010 0.098853 0.887906 0.013231
0.000010 0.135487 0.856554 0.007949
0.000010 0.121861 0.862778 0.015351
0.000010 0.078630 0.915329 0.006030
0.000010 0.087941 0.899942 0.012108
0.000010 0.088870 0.904126 0.006993
0.000010 0.085084 0.902941 0.011965
0.000010 0.105436 0.881667 0.012887
0.000010 0.094262 0.898796 0.006932
0.000010 0.092272 0.893710 0.014008
0.000010 0.084175 0.907920 0.007895
0.000010 0.107012 0.885677 0.007302
0.000010 0.102826 0.891219 0.005946
0.000010 0.119489 0.869242 0.011259
0.000010 0.087014 0.912966 0.000010
0.999970 0.000010 0.000010 0.000010
0.999970 0.000010 0.000010 0.000010
0.999970 0.000010 0.000010 0.000010
0.000010 0.021458 0.109904 0.868628
0.000010 0.013406 0.066711 0.919873
0.004606 0.020252 0.120959 0.854183
0.007537 0.025683 0.056248 0.910532
0.000010 0.032793 0.085648 0.881549
0.000010 0.017153 0.071810 0.911027
0.000010 0.019562 0.099687 0.880741
0.000010 0.025063 0.103111 0.871816
0.000010 0.098788 0.890036 0.011166
0.000010 0.103006 0.891240 0.005744
0.000010 0.085728 0.903103 0.011159
0.000467 0.106282 0.884524 0.008727
0.000010 0.089939 0.910041 0.000010
0.000010 0.102772 0.884470 0.012748
0.000010 0.086018 0.903750 0.010221
0.000010 0.135816 0.855536 0.008638
0.000010 0.089806 0.910174 0.000010
0.000010 0.088737 0.899748 0.011504
0.000010 0.098577 0.890545 0.010868
0.000010 0.094597 0.897026 0.008367
0.000010 0.085140 0.904231 0.010619
0.000010 0.091146 0.902185 0.006660
0.000010 0.126984 0.861197 0.011809
0.000010 0.080864 0.908178 0.010948
0.000010 0.108350 0.881613 0.010028
0.000010 0.090572 0.887904 0.021514
0.015659 0.000012 0.000010 0.984319
0.011810 0.000010 0.000010 0.988170
0.022823 0.000018 0.000010 0.977148
0.018916 0.000010 0.000010 0.981064
0.021876 0.000010 0.000010 0.978104
0.016785 0.000010 0.000010 0.983195
0.028535 0.000010 0.000010 0.971445
0.014364 0.000010 0.000010 0.985616
0.027800 0.000013 0.000010 0.972177
0.026538 0.000010 0.000010 0.973442
0.021055 0.000010 0.000010 0.978925
0.020721 0.000010 0.000010 0.979259
0.016442 0.000010 0.000010 0.983538
0.017956 0.000010 0.000010 0.982024
0.028104 0.005534 0.004279 0.962083
0.025602 0.000010 0.000010 0.974378
0.019203 0.000018 0.000010 0.980769
0.015579 0.000010 0.000010 0.984401
0.019934 0.000010 0.000010 0.980046
0.018825 0.000010 0.000010 0.981155
0.027765 0.000010 0.000010 0.972215
0.015660 0.000010 0.000010 0.984320
0.023207 0.000010 0.000010 0.976773
0.019540 0.000010 0.000010 0.980440
0.026237 0.000010 0.000010 0.973743
0.018736 0.000010 0.000010 0.981244
0.001979 0.000010 0.000010 0.998001
0.000010 0.000010 0.000010 0.999970
0.000010 0.000010 0.000010 0.999970
0.019391 0.000010 0.010520 0.970079
0.009063 0.000010 0.000010 0.990917
0.005979 0.000010 0.000010 0.994001
0.000010 0.001255 0.000010 0.998725
0.008407 0.000010 0.000010 0.991573
0.007463 0.000010 0.000010 0.992517
0.000010 0.000010 0.005049 0.994931
0.000010 0.000010 0.000010 0.999970
0.000010 0.000010 0.000010 0.999970
0.000010 0.113440 0.193083 0.693468
0.000010 0.111256 0.198173 0.690561
0.024926 0.000010 0.000010 0.975054
0.021575 0.000017 0.000010 0.978398
0.050173 0.000010 0.949807 0.000010
0.049343 0.000010 0.950637 0.000010
0.047727 0.000011 0.952252 0.000010
0.036159 0.000010 0.963821 0.000010
0.044858 0.000010 0.955122 0.000010
0.043834 0.000019 0.956138 0.000010
0.044516 0.000010 0.955464 0.000010
0.042619 0.000010 0.957361 0.000010
0.036363 0.000010 0.963617 0.000010
0.028971 0.000010 0.971009 0.000010
0.030993 0.000010 0.968987 0.000010
0.047143 0.000010 0.952837 0.000010
0.033159 0.000010 0.966821 0.000010
0.000010 0.000010 0.000010 0.999970
0.000010 0.000010 0.000010 0.999970
0.000010 0.000010 0.000010 0.999970
0.010428 0.000010 0.000010 0.989552
0.000010 0.000010 0.000010 0.999970
0.000010 0.000010 0.000010 0.999970
0.000010 0.000010 0.000010 0.999970
0.000010 0.000010 0.000010 0.999970
0.000010 0.000010 0.000010 0.999970
0.000010 0.000010 0.000010 0.999970
0.000010 0.000010 0.000010 0.999970
0.016448 0.000012 0.000010 0.983530
0.999970 0.000010 0.000010 0.000010
0.999970 0.000010 0.000010 0.000010
0.999970 0.000010 0.000010 0.000010
0.999970 0.000010 0.000010 0.000010
0.999970 0.000010 0.000010 0.000010
0.999970 0.000010 0.000010 0.000010
0.999970 0.000010 0.000010 0.000010
0.999964 0.000010 0.000016 0.000010
0.898392 0.013545 0.069270 0.018793
0.964810 0.000010 0.000010 0.035170
0.931559 0.000010 0.047954 0.020477
0.981015 0.000010 0.000010 0.018965
0.927720 0.000010 0.056594 0.015675
0.926990 0.019876 0.042194 0.010940
0.804340 0.033388 0.144643 0.017629
0.883554 0.009537 0.089905 0.017004
0.881022 0.057237 0.041278 0.020463
0.931300 0.000010 0.049204 0.019486
0.946636 0.016640 0.024743 0.011981
0.841872 0.034677 0.114887 0.008564
0.805603 0.021803 0.157278 0.015316
0.926124 0.000010 0.056948 0.016918
0.924517 0.010814 0.047929 0.016740
0.954310 0.001772 0.026595 0.017323
0.888869 0.040265 0.052160 0.018706
0.864031 0.011208 0.109215 0.015546
0.071798 0.000010 0.865959 0.062233
0.064283 0.000010 0.878623 0.057084
0.073889 0.000010 0.852838 0.073262
0.075033 0.000010 0.858737 0.066220
0.063641 0.000010 0.894748 0.041601
0.069941 0.000010 0.872311 0.057738
0.060315 0.000010 0.882218 0.057457
0.071862 0.000010 0.874218 0.053910
0.085267 0.000010 0.863415 0.051308
0.065211 0.000010 0.863784 0.070996
0.067073 0.000010 0.863318 0.069599
0.070973 0.000010 0.852119 0.076897
0.080744 0.000010 0.851024 0.068221
0.078972 0.000010 0.839192 0.081827
0.071013 0.000010 0.853677 0.075301
0.078930 0.000010 0.860986 0.060074
0.069813 0.000010 0.843968 0.086208
0.072017 0.000010 0.867722 0.060251
0.066489 0.000010 0.894667 0.038834
0.070052 0.000010 0.862586 0.067352
0.065331 0.000010 0.871415 0.063244
0.061695 0.000010 0.870609 0.067686
0.001640 0.992183 0.006167 0.000010
0.000015 0.976799 0.023176 0.000010
0.000010 0.978155 0.021825 0.000010
0.000010 0.985581 0.014399 0.000010
0.000010 0.984764 0.015216 0.000010
0.000010 0.981862 0.018118 0.000010
0.000010 0.978531 0.021449 0.000010
0.000010 0.983348 0.016632 0.000010
0.000010 0.980436 0.019544 0.000010
0.004263 0.968016 0.027712 0.000010
0.006263 0.970726 0.023001 0.000010
0.000010 0.999968 0.000012 0.000010
0.000010 0.999970 0.000010 0.000010
0.000010 0.999970 0.000010 0.000010
0.000010 0.999968 0.000012 0.000010
0.000010 0.999970 0.000010 0.000010
0.000010 0.999968 0.000012 0.000010
0.001466 0.998506 0.000017 0.000010
0.007013 0.988662 0.000010 0.004315
0.000010 0.999970 0.000010 0.000010
0.000010 0.999970 0.000010 0.000010
0.000010 0.999968 0.000012 0.000010
0.000010 0.999969 0.000011 0.000010
0.000012 0.999966 0.000012 0.000010
0.000010 0.999970 0.000010 0.000010
0.000010 0.999970 0.000010 0.000010
0.000010 0.999970 0.000010 0.000010
0.000010 0.999969 0.000011 0.000010
0.000010 0.999970 0.000010 0.000010
0.000010 0.999968 0.000012 0.000010
0.000014 0.999966 0.000010 0.000010
0.000010 0.999968 0.000012 0.000010
0.112491 0.000010 0.082827 0.804672
0.099259 0.000010 0.083881 0.816849
0.104467 0.000010 0.109712 0.785811
0.107859 0.000010 0.142037 0.750094
0.105067 0.000010 0.161366 0.733557
0.121969 0.000010 0.076381 0.801640
0.107179 0.000010 0.097843 0.794968
0.107747 0.000010 0.085128 0.807116
0.111381 0.000010 0.084767 0.803841
0.104809 0.000010 0.084286 0.810895
0.107806 0.000382 0.130259 0.761553
0.109255 0.000010 0.065305 0.825430
0.100393 0.000454 0.093729 0.805425
0.117886 0.000010 0.072844 0.809260
0.105559 0.000010 0.079986 0.814445
0.104714 0.000010 0.113067 0.782209
0.106772 0.000010 0.083665 0.809553
0.113281 0.000010 0.116425 0.770284
0.106168 0.000010 0.089409 0.804413
0.110116 0.000010 0.130653 0.759221
0.999970 0.000010 0.000010 0.000010
0.000010 0.000010 0.001950 0.998030
0.000561 0.000010 0.000010 0.999419
0.000010 0.000010 0.000010 0.999970
0.001980 0.000010 0.000010 0.998000
0.000010 0.000010 0.000010 0.999970
0.000010 0.000010 0.000010 0.999970
0.001772 0.000010 0.000010 0.998208
0.000010 0.999970 0.000010 0.000010
0.000010 0.999970 0.000010 0.000010
0.000010 0.999970 0.000010 0.000010
0.000010 0.999970 0.000010 0.000010
0.000010 0.988572 0.008828 0.002591
0.003249 0.984399 0.011078 0.001274
0.002463 0.980965 0.016388 0.000184
0.000010 0.999970 0.000010 0.000010
0.000010 0.999970 0.000010 0.000010
0.999970 0.000010 0.000010 0.000010
0.999970 0.000010 0.000010 0.000010
0.999970 0.000010 0.000010 0.000010
0.999970 0.000010 0.000010 0.000010
0.999962 0.000010 0.000018 0.000010
0.999970 0.000010 0.000010 0.000010
0.999970 0.000010 0.000010 0.000010
0.999970 0.000010 0.000010 0.000010
0.999970 0.000010 0.000010 0.000010
0.999970 0.000010 0.000010 0.000010
0.999970 0.000010 0.000010 0.000010
0.999970 0.000010 0.000010 0.000010
0.000010 0.000010 0.000010 0.999970
0.011376 0.000010 0.009133 0.979481
0.000034 0.000010 0.000010 0.999946
0.000010 0.117424 0.183194 0.699371
0.000010 0.992642 0.007338 0.000010
0.000010 0.999970 0.000010 0.000010
0.002457 0.990369 0.003438 0.003737
0.000467 0.984959 0.007266 0.007308
0.000010 0.991047 0.005423 0.003519
0.000010 0.991591 0.008389 0.000010
0.000010 0.988373 0.011607 0.000010
0.004806 0.981573 0.012152 0.001469
0.966470 0.000010 0.021453 0.012068
0.999970 0.000010 0.000010 0.000010
0.999970 0.000010 0.000010 0.000010
0.999970 0.000010 0.000010 0.000010
0.991248 0.000010 0.000010 0.008732
0.956833 0.000010 0.043147 0.000010
0.949341 0.000010 0.020294 0.030355
0.999970 0.000010 0.000010 0.000010
0.931880 0.003589 0.046797 0.017734
0.999970 0.000010 0.000010 0.000010
0.999763 0.000010 0.000010 0.000217
0.933187 0.002767 0.057236 0.006811
0.962255 0.000010 0.013510 0.024225
0.942496 0.000010 0.039985 0.017509
0.000010 0.013093 0.986887 0.000010
0.000010 0.007243 0.992737 0.000010
0.000010 0.007166 0.992814 0.000010
0.000010 0.008383 0.991597 0.000010
0.000010 0.009551 0.990429 0.000010
0.000010 0.007992 0.989228 0.002769
0.000010 0.008197 0.991783 0.000010
0.000010 0.003171 0.996809 0.000010
0.000010 0.005237 0.994743 0.000010
0.000010 0.013652 0.986328 0.000010
0.000010 0.008074 0.991906 0.000010
0.000010 0.008614 0.991366 0.000010
0.000010 0.010839 0.989141 0.000010
0.000010 0.009259 0.990721 0.000010
0.000010 0.014140 0.985840 0.000010
0.000010 0.006449 0.993531 0.000010
0.000010 0.007551 0.992429 0.000010
0.000010 0.007527 0.992453 0.000010
0.000010 0.999970 0.000010 0.000010
0.000012 0.999968 0.000010 0.000010
0.000010 0.999970 0.000010 0.000010
0.000010 0.999970 0.000010 0.000010
0.000010 0.000010 0.000010 0.999970
0.001952 0.000010 0.000010 0.998028
0.000010 0.000010 0.000010 0.999970
0.007009 0.000010 0.000670 0.992311
0.012385 0.000010 0.000010 0.987595
0.000010 0.000010 0.000010 0.999970
0.000011 0.000010 0.000010 0.999969
0.000013 0.000010 0.000010 0.999967
0.000191 0.000010 0.000010 0.999789
0.000010 0.000010 0.000010 0.999970
0.015038 0.003830 0.981123 0.000010
0.013289 0.000010 0.986691 0.000010
0.012837 0.004876 0.982277 0.000010
0.011278 0.000412 0.988300 0.000010
0.016687 0.005956 0.977347 0.000010
0.013397 0.002784 0.978629 0.005190
0.020484 0.003444 0.976063 0.000010
0.008766 0.004163 0.987061 0.000010
0.006001 0.011147 0.982842 0.000010
0.014289 0.008603 0.973152 0.003955
0.007893 0.008808 0.983290 0.000010
0.015638 0.005931 0.978421 0.000010
0.022300 0.010171 0.965460 0.002068
0.015819 0.009493 0.974678 0.000010
0.010220 0.007417 0.982354 0.000010
0.015934 0.002757 0.980450 0.000859
0.018030 0.000010 0.981950 0.000010
0.014798 0.000016 0.983359 0.001828
0.015385 0.004640 0.979965 0.000010
0.007086 0.000832 0.992072 0.000010
0.009672 0.009193 0.007737 0.973397
0.018458 0.002252 0.002606 0.976684
0.022592 0.000010 0.000010 0.977388
0.029683 0.001001 0.000010 0.969305
0.022651 0.002070 0.010706 0.964573
0.023654 0.001103 0.003795 0.971449
0.015102 0.000010 0.000010 0.984878
0.015136 0.002526 0.000010 0.982327
0.002074 0.000010 0.000010 0.997906
0.021757 0.003263 0.002261 0.972719
0.000010 0.000010 0.000010 0.999970
0.000010 0.000010 0.000010 0.999970
0.000010 0.000010 0.000010 0.999970
0.000010 0.000010 0.000010 0.999970
0.000010 0.000010 0.000010 0.999970
0.006594 0.000010 0.000010 0.993386
0.000010 0.000010 0.000010 0.999970
0.000012 0.000010 0.000010 0.999968
0.000010 0.000010 0.000010 0.999970
0.001707 0.000010 0.000010 0.998273
0.000010 0.984984 0.014996 0.000010
0.001242 0.977317 0.021431 0.000010
0.000062 0.984865 0.015063 0.000010
0.089787 0.000010 0.000572 0.909630
0.037780 0.000010 0.015877 0.946333
0.064833 0.002149 0.026734 0.906284
0.085082 0.000010 0.017582 0.897327
0.068902 0.000010 0.032451 0.898637
0.067592 0.000010 0.007523 0.924875
0.075309 0.000010 0.004344 0.920336
0.115957 0.000010 0.004038 0.879996
0.046776 0.000010 0.039528 0.913686
0.048326 0.000010 0.018140 0.933525
0.051370 0.000010 0.048519 0.900100
0.051550 0.000010 0.043716 0.904724
0.062037 0.000010 0.023843 0.914110
0.048154 0.000010 0.040923 0.910913
0.046033 0.002197 0.028145 0.923625
0.054929 0.000010 0.021356 0.923705
0.052428 0.000724 0.021747 0.925102
0.050746 0.002062 0.025117 0.922074
0.047121 0.000010 0.048088 0.904781
0.038479 0.000645 0.031144 0.929732
0.038466 0.000010 0.055823 0.905700
0.043220 0.000887 0.039101 0.916791
0.030109 0.001625 0.028023 0.940244
0.050872 0.004118 0.038472 0.906537
0.048516 0.000010 0.002996 0.948478
0.060873 0.000010 0.017067 0.922050
0.071789 0.000010 0.000010 0.928191
0.047388 0.000395 0.031536 0.920681
0.053535 0.000010 0.014546 0.931908
0.075057 0.000010 0.001264 0.923669
0.046761 0.000010 0.006665 0.946564
0.058587 0.000010 0.009853 0.931549
0.031203 0.000010 0.038362 0.930425
0.039614 0.000010 0.025423 0.934952
0.044122 0.000010 0.020483 0.935385
0.040446 0.000570 0.062195 0.896790
0.044343 0.000010 0.025435 0.930212
0.033991 0.000010 0.047366 0.918633
0.037311 0.001022 0.028096 0.933571
0.000010 0.241870 0.758110 0.000010
0.000010 0.238615 0.758908 0.002468
0.001902 0.217322 0.780766 0.000010
0.000010 0.262062 0.737918 0.000010
0.000010 0.279736 0.720244 0.000010
0.000010 0.234726 0.765254 0.000010
0.000010 0.261420 0.738560 0.000010
0.000010 0.258895 0.741085 0.000010
0.000010 0.196955 0.803025 0.000010
0.000010 0.232716 0.767264 0.000010
0.000010 0.240183 0.759797 0.000010
0.000010 0.248556 0.751424 0.000010
0.000010 0.229731 0.770249 0.000010
0.000010 0.308597 0.691383 0.000010
0.000010 0.235283 0.764697 0.000010
0.000010 0.267844 0.732136 0.000010
0.000010 0.246820 0.753160 0.000010
0.000010 0.241527 0.758453 0.000010
0.000010 0.244968 0.755012 0.000010
0.000010 0.237523 0.762457 0.000010
0.000010 0.225592 0.774388 0.000010
0.001080 0.971363 0.027546 0.000010
0.000010 0.988239 0.011741 0.000010
0.000010 0.976126 0.023854 0.000010
0.017480 0.000010 0.016730 0.965780
0.017784 0.000010 0.022369 0.959837
0.025887 0.000010 0.012776 0.961327
0.022372 0.000010 0.016974 0.960644
0.013219 0.000010 0.012963 0.973808
0.011974 0.000010 0.007987 0.980029
0.007684 0.003990 0.021778 0.966548
0.005745 0.000010 0.018568 0.975677
0.015092 0.002914 0.019927 0.962068
0.013039 0.001221 0.032382 0.953358
0.059749 0.009271 0.470418 0.460563
0.050333 0.006262 0.509270 0.434134
0.062570 0.002420 0.437187 0.497823
0.067636 0.002153 0.468518 0.461693
0.061890 0.008718 0.431908 0.497483
0.075634 0.004462 0.329131 0.590772
0.053930 0.003494 0.491835 0.450741
0.054255 0.005481 0.385751 0.554514
0.064105 0.007359 0.387339 0.541196
0.061167 0.008748 0.426755 0.503330
0.000010 0.001186 0.009702 0.989102
0.000010 0.000010 0.010431 0.989549
0.000010 0.004595 0.000010 0.995385
0.000010 0.003460 0.000010 0.996520
0.000010 0.005414 0.002883 0.991693
0.000010 0.006204 0.000010 0.993776
0.000010 0.007254 0.000010 0.992726
0.000010 0.001074 0.004281 0.994635
0.000010 0.004428 0.005703 0.989859
0.000010 0.001808 0.005164 0.993018
0.000010 0.004523 0.000010 0.995457
0.000010 0.008111 0.009698 0.982181
0.000010 0.005101 0.018718 0.976171
0.000010 0.001444 0.004688 0.993858
0.000010 0.007234 0.004003 0.988753
0.000010 0.006544 0.010307 0.983139
0.000010 0.005325 0.006969 0.987696
0.012432 0.003620 0.006181 0.977767
0.000010 0.000010 0.000010 0.999970
0.000010 0.000010 0.000010 0.999970
0.000010 0.000010 0.000010 0.999970
0.000010 0.000013 0.000010 0.999967
0.000010 0.000010 0.000010 0.999970
0.000010 0.000010 0.000010 0.999970
0.000011 0.000010 0.000010 0.999969
0.000010 0.000010 0.000010 0.999970
0.000010 0.000010 0.000010 0.999970
0.000010 0.000010 0.000010 0.999970
0.017743 0.000010 0.007472 0.974775
0.010251 0.000010 0.006136 0.983602
0.010069 0.001336 0.009288 0.979307
0.018750 0.000010 0.012249 0.968991
0.018661 0.001624 0.010097 0.969618
0.007569 0.003925 0.002958 0.985548
0.005506 0.000010 0.014778 0.979706
0.010896 0.005075 0.010233 0.973797
0.017248 0.004727 0.008689 0.969336
0.032177 0.003818 0.054327 0.909678
0.036017 0.006250 0.072329 0.885404
0.024936 0.002176 0.049056 0.923832
0.029831 0.000232 0.084669 0.885267
0.022188 0.000010 0.064294 0.913507
0.028415 0.002856 0.052967 0.915762
0.034533 0.002875 0.074399 0.888193
0.028155 0.001321 0.047702 0.922821
0.031971 0.004598 0.048896 0.914534
0.028363 0.003298 0.076029 0.892311
0.007784 0.000010 0.992196 0.000010
0.021890 0.000010 0.978090 0.000010
0.016813 0.007173 0.976004 0.000010
0.015988 0.000010 0.983992 0.000010
0.015361 0.000010 0.984619 0.000010
0.012961 0.000010 0.987019 0.000010
0.013937 0.001746 0.984307 0.000010
0.010153 0.000010 0.989827 0.000010
0.010489 0.000010 0.989491 0.000010
0.022911 0.000010 0.977069 0.000010
0.014357 0.000010 0.985623 0.000010
0.019267 0.000019 0.980704 0.000010
0.023105 0.000010 0.976875 0.000010
0.021273 0.002076 0.976641 0.000010
0.017553 0.000010 0.982427 0.000010
0.014282 0.001565 0.984143 0.000010
0.010471 0.000010 0.989509 0.000010
0.008540 0.000010 0.991440 0.000010
0.016228 0.002731 0.981030 0.000010
0.013944 0.000010 0.986036 0.000010
0.029896 0.000556 0.881849 0.087699
0.020965 0.004058 0.937048 0.037930
0.010204 0.006265 0.922615 0.060917
0.025244 0.000010 0.901684 0.073063
0.022794 0.004635 0.923441 0.049130
0.023607 0.002918 0.923830 0.049645
0.035697 0.000093 0.885212 0.078997
0.021020 0.001402 0.888972 0.088606
0.010924 0.003147 0.931165 0.054764
0.027954 0.007646 0.916041 0.048359
0.024136 0.004346 0.905985 0.065533
0.020625 0.006636 0.913552 0.059187
0.025379 0.000010 0.923182 0.051429
0.037093 0.005575 0.924134 0.033198
0.036094 0.006110 0.862796 0.094999
0.003722 0.980574 0.011815 0.003889
0.011747 0.956700 0.031543 0.000010
0.000010 0.966196 0.031211 0.002583
0.000010 0.960806 0.038952 0.000231
0.005831 0.954152 0.036771 0.003246
0.000010 0.968520 0.027943 0.003526
0.510883 0.000010 0.000010 0.489097
0.506012 0.000010 0.000010 0.493968
0.506166 0.000010 0.000010 0.493814
0.508271 0.000010 0.000010 0.491709
0.492119 0.000010 0.000010 0.507861
0.401204 0.000010 0.000010 0.598776
0.167222 0.000010 0.033012 0.799756
0.388045 0.000010 0.000010 0.611935
0.154157 0.000010 0.015128 0.830705
0.401604 0.000010 0.000010 0.598376
0.494800 0.000010 0.000010 0.505180
0.353054 0.000010 0.000010 0.646926
0.390573 0.000010 0.003527 0.605891
0.152525 0.000010 0.026359 0.821106
0.384265 0.000010 0.000010 0.615715
0.512168 0.000010 0.000010 0.487812
0.380071 0.000010 0.000010 0.619909
0.327779 0.000010 0.000010 0.672201
0.426717 0.000010 0.000010 0.573263
0.165945 0.000010 0.015641 0.818404
0.393452 0.000010 0.000010 0.606528
0.159017 0.000010 0.022159 0.818814
0.156700 0.000010 0.027480 0.815810
0.165401 0.000010 0.015103 0.819485
0.153846 0.000010 0.018186 0.827958
0.162521 0.000010 0.025077 0.812391
0.149676 0.000010 0.021308 0.829006
0.000010 0.593998 0.395347 0.010645
0.000010 0.833752 0.163757 0.002482
0.999970 0.000010 0.000010 0.000010
0.000010 0.578353 0.406252 0.015385
0.002820 0.837456 0.153915 0.005808
0.996898 0.000010 0.000010 0.003082
0.000010 0.592885 0.395885 0.011220
0.000010 0.142437 0.238561 0.618992
0.000010 0.562462 0.429828 0.007700
0.999970 0.000010 0.000010 0.000010
0.000010 0.807788 0.186014 0.006188
0.000010 0.800752 0.185779 0.013459
0.000010 0.763847 0.223950 0.012193
0.000010 0.763443 0.227854 0.008694
0.999970 0.000010 0.000010 0.000010
0.003484 0.851077 0.109022 0.036416
0.999970 0.000010 0.000010 0.000010
0.006114 0.831023 0.126362 0.036501
0.004007 0.829038 0.166945 0.000010
0.999970 0.000010 0.000010 0.000010
0.009423 0.876681 0.113886 0.000010
0.009121 0.899207 0.091662 0.000010
0.999970 0.000010 0.000010 0.000010
0.008982 0.831133 0.127908 0.031977
0.014036 0.807440 0.178494 0.000030
0.036618 0.855477 0.106357 0.001548
0.999970 0.000010 0.000010 0.000010
0.000010 0.840331 0.127599 0.032060
0.010381 0.877227 0.112382 0.000010
0.007831 0.886447 0.104368 0.001354
0.999970 0.000010 0.000010 0.000010
0.001676 0.852443 0.110374 0.035507
0.023747 0.840802 0.135441 0.000010
0.999970 0.000010 0.000010 0.000010
0.011891 0.815031 0.168809 0.004269
0.030194 0.417331 0.539650 0.012826
0.014761 0.891336 0.085804 0.008099
0.005907 0.896669 0.097414 0.000010
0.111570 0.000010 0.717927 0.170493
0.000010 0.999965 0.000015 0.000010
0.000010 0.999969 0.000011 0.000010
0.000010 0.999970 0.000010 0.000010
0.000010 0.999970 0.000010 0.000010
0.000010 0.999970 0.000010 0.000010
0.000010 0.999968 0.000012 0.000010
0.000010 0.999970 0.000010 0.000010
0.000010 0.999968 0.000012 0.000010
0.000010 0.999970 0.000010 0.000010
0.000010 0.999968 0.000012 0.000010
0.002335 0.994212 0.003443 0.000010
0.000128 0.998421 0.001441 0.000010
0.000010 0.999968 0.000012 0.000010
0.000010 0.999970 0.000010 0.000010
0.000010 0.997569 0.002411 0.000010
0.000010 0.999970 0.000010 0.000010
0.000010 0.999968 0.000012 0.000010
0.000017 0.999962 0.000012 0.000010
0.000010 0.999970 0.000010 0.000010
0.000010 0.999970 0.000010 0.000010
0.000010 0.999970 0.000010 0.000010
0.000010 0.999968 0.000012 0.000010
0.000010 0.999970 0.000010 0.000010
0.000010 0.999970 0.000010 0.000010
0.000012 0.999968 0.000010 0.000010
0.000010 0.999970 0.000010 0.000010
0.000010 0.999970 0.000010 0.000010
0.000010 0.999968 0.000012 0.000010
0.000012 0.999968 0.000010 0.000010
0.000010 0.999968 0.000012 0.000010
0.000015 0.999963 0.000012 0.000010
0.000010 0.999963 0.000017 0.000010
0.000010 0.999968 0.000012 0.000010
0.000010 0.999968 0.000012 0.000010
0.000016 0.999964 0.000010 0.000010
0.000010 0.999970 0.000010 0.000010
0.000019 0.998094 0.001877 0.000010
0.000010 0.999965 0.000015 0.000010
0.000011 0.999969 0.000010 0.000010
0.000010 0.999968 0.000012 0.000010
0.001515 0.998462 0.000014 0.000010
0.000010 0.999968 0.000012 0.000010
0.000010 0.999968 0.000012 0.000010
0.000010 0.999970 0.000010 0.000010
0.000010 0.999968 0.000012 0.000010
0.000010 0.999969 0.000011 0.000010
0.000010 0.999970 0.000010 0.000010
0.000010 0.999968 0.000012 0.000010
0.000010 0.999970 0.000010 0.000010
0.025594 0.000010 0.967509 0.006887
0.024789 0.004371 0.966189 0.004651
0.031943 0.000010 0.964867 0.003180
0.046759 0.000010 0.953221 0.000010
0.013308 0.036101 0.892216 0.058374
0.020611 0.034728 0.873252 0.071408
0.000010 0.095224 0.870772 0.033994
0.000023 0.132859 0.861960 0.005158
0.001575 0.091834 0.895309 0.011282
0.025524 0.000010 0.971044 0.003422
0.016194 0.006077 0.958228 0.019500
0.041872 0.000010 0.958108 0.000010
0.048171 0.000010 0.951809 0.000010
0.023183 0.024694 0.885038 0.067085
0.013215 0.031336 0.873444 0.082006
0.003804 0.023941 0.972245 0.000010
0.012578 0.052221 0.873957 0.061243
0.000010 0.094754 0.905226 0.000010
0.004141 0.073439 0.900259 0.022161
0.002859 0.239154 0.714634 0.043353
0.024272 0.008333 0.954852 0.012543
0.046006 0.000010 0.953222 0.000762
0.032016 0.000010 0.953090 0.014884
0.055444 0.000010 0.944536 0.000010
0.000010 0.169338 0.824756 0.005896
0.012827 0.041143 0.897936 0.048094
0.000010 0.073234 0.898572 0.028185
0.000010 0.063775 0.917535 0.018680
0.000010 0.086769 0.895108 0.018112
0.000010 0.090009 0.906216 0.003765
0.000010 0.355819 0.625781 0.018390
0.021731 0.001210 0.968435 0.008624
0.038957 0.000010 0.951269 0.009764
0.035619 0.000010 0.962389 0.001983
0.055102 0.000010 0.944878 0.000010
0.000010 0.106966 0.879959 0.013065
0.000010 0.062679 0.926412 0.010899
0.003766 0.052323 0.887658 0.056253
0.006434 0.066336 0.920168 0.007062
0.000010 0.126292 0.868663 0.005036
0.024600 0.004605 0.964969 0.005827
0.046830 0.000010 0.936062 0.017098
0.051941 0.000010 0.948039 0.000010
0.052190 0.000010 0.945406 0.002394
0.000010 0.157555 0.839485 0.002950
0.019887 0.024170 0.895690 0.060253
0.002925 0.120905 0.840663 0.035506
0.003298 0.036583 0.960109 0.000010
0.000010 0.086011 0.913969 0.000010
0.000010 0.098175 0.886411 0.015404
0.000010 0.186881 0.790019 0.023090
0.027511 0.002502 0.959765 0.010223
0.036534 0.000010 0.960441 0.003015
0.054440 0.000010 0.945540 0.000010
0.054348 0.000010 0.944013 0.001629
0.000010 0.179730 0.820250 0.000010
0.008534 0.025443 0.894984 0.071040
0.000010 0.058657 0.921656 0.019677
0.000010 0.089033 0.910947 0.000010
0.000010 0.081883 0.906950 0.011156
