0.000306 0.028972 0.670173 0.051736 0.226106 0.006275 0.002720 0.000010 0.013018 0.000684
0.000010 0.000010 0.919056 0.071805 0.009070 0.000010 0.000010 0.000010 0.000010 0.000010
0.000010 0.000010 0.999910 0.000010 0.000010 0.000010 0.000010 0.000010 0.000010 0.000010
0.004617 0.075027 0.716435 0.065130 0.081966 0.000010 0.010864 0.009517 0.036424 0.000010
0.008536 0.020937 0.748620 0.049423 0.130305 0.000010 0.004378 0.017056 0.018115 0.002620
0.000010 0.011061 0.866851 0.032225 0.089803 0.000010 0.000010 0.000010 0.000010 0.000010
0.005380 0.198948 0.717764 0.047438 0.000010 0.003130 0.000010 0.000409 0.026902 0.000010
0.000010 0.115260 0.668125 0.096960 0.000010 0.005022 0.007843 0.019172 0.087589 0.000010
0.753953 0.034991 0.000010 0.000010 0.000010 0.000010 0.000010 0.047193 0.004070 0.159743
0.657819 0.017660 0.000010 0.006755 0.000014 0.000010 0.000010 0.056284 0.000380 0.261057
0.529122 0.000010 0.000010 0.000016 0.000010 0.000010 0.000010 0.033332 0.000010 0.437470
0.394708 0.000010 0.000010 0.000010 0.000010 0.000010 0.000010 0.000010 0.000010 0.605212
0.000010 0.000010 0.000010 0.000010 0.000010 0.057526 0.000010 0.000010 0.000010 0.942394
0.231635 0.000010 0.000010 0.000010 0.000010 0.000010 0.000010 0.007347 0.000010 0.760948
0.000010 0.000010 0.000010 0.000010 0.000010 0.110138 0.000010 0.000010 0.000010 0.889782
0.573698 0.000010 0.000010 0.000010 0.000010 0.000010 0.000010 0.004746 0.000010 0.421486
0.030587 0.000010 0.000010 0.000010 0.000010 0.010076 0.000010 0.000010 0.000010 0.959267
0.102428 0.000010 0.000010 0.000010 0.000010 0.023369 0.000010 0.000010 0.000010 0.874133
0.068922 0.000010 0.000010 0.000010 0.000010 0.000010 0.000010 0.000010 0.000010 0.930998
0.718659 0.038271 0.000010 0.000010 0.000010 0.004814 0.001148 0.096293 0.040809 0.099975
0.042443 0.000010 0.000010 0.000010 0.000010 0.022047 0.000010 0.000010 0.000010 0.935440
0.999910 0.000010 0.000010 0.000010 0.000010 0.000010 0.000010 0.000010 0.000010 0.000010
0.060450 0.000010 0.000010 0.000010 0.000010 0.018201 0.000010 0.000010 0.000010 0.921279
0.610541 0.000010 0.000010 0.000010 0.000010 0.000010 0.000010 0.008482 0.000010 0.380907
0.746664 0.057614 0.000010 0.000010 0.000010 0.000010 0.002550 0.079766 0.000010 0.113356
0.000010 0.000010 0.000010 0.000010 0.000010 0.116133 0.000010 0.000010 0.000010 0.883787
0.026007 0.000010 0.000010 0.000010 0.000010 0.000010 0.000010 0.000010 0.000010 0.973913
0.021786 0.000010 0.000010 0.000010 0.000010 0.009603 0.000010 0.000010 0.000010 0.968541
0.000010 0.000010 0.000010 0.000010 0.000010 0.099529 0.000010 0.000010 0.000010 0.900391
0.833250 0.000010 0.000010 0.000010 0.000010 0.000010 0.000010 0.008545 0.000010 0.158135
0.066874 0.000010 0.000010 0.000010 0.000010 0.000010 0.000010 0.000010 0.000010 0.933046
0.007383 0.000010 0.000011 0.000010 0.000010 0.044070 0.000010 0.000010 0.000010 0.948476
0.000010 0.000010 0.000010 0.000010 0.000010 0.068304 0.000010 0.000010 0.000010 0.931616
0.000010 0.000010 0.000010 0.000010 0.000010 0.096432 0.000010 0.000010 0.000010 0.903488
0.615353 0.000010 0.000010 0.000010 0.000010 0.000010 0.000010 0.278824 0.000010 0.105752
0.635109 0.000010 0.000010 0.000010 0.000010 0.000010 0.000010 0.270556 0.000010 0.094265
0.692159 0.000010 0.000010 0.000010 0.000010 0.000010 0.000010 0.217377 0.000010 0.090394
0.411654 0.219996 0.000010 0.000010 0.000010 0.042520 0.002946 0.148562 0.166817 0.007474
0.378148 0.214003 0.000010 0.000010 0.000010 0.052665 0.004718 0.139974 0.175644 0.034818
0.345281 0.454955 0.000010 0.040753 0.000010 0.004666 0.000010 0.020860 0.059054 0.074401
0.463261 0.335563 0.000010 0.027425 0.000010 0.000010 0.002226 0.072459 0.059373 0.039663
0.015029 0.000010 0.000010 0.000010 0.000010 0.090268 0.000010 0.000010 0.000010 0.894633
0.273523 0.000010 0.000010 0.000010 0.000010 0.000010 0.000010 0.000010 0.000010 0.726397
0.552385 0.000010 0.000010 0.000010 0.000010 0.000010 0.000010 0.332633 0.000010 0.114913
0.641181 0.000010 0.000010 0.000010 0.000010 0.000010 0.000010 0.308203 0.000010 0.050546
0.397079 0.226406 0.000010 0.000010 0.000010 0.043350 0.004595 0.126160 0.182676 0.019704
0.410065 0.207424 0.000010 0.000010 0.000010 0.031540 0.000010 0.138986 0.169593 0.042351
0.416588 0.206158 0.000010 0.000010 0.000010 0.029344 0.010167 0.149121 0.172977 0.015615
0.691780 0.133558 0.000010 0.002691 0.000010 0.011632 0.005988 0.099663 0.024080 0.030588
0.804648 0.009926 0.000010 0.009118 0.000010 0.000010 0.000150 0.090679 0.003209 0.082240
0.000010 0.000010 0.000010 0.000010 0.000010 0.124146 0.000010 0.000010 0.000010 0.875774
0.273644 0.000010 0.000010 0.000010 0.000010 0.000010 0.000010 0.000010 0.000010 0.726276
0.154935 0.000010 0.000010 0.000010 0.000010 0.000010 0.000010 0.000010 0.000010 0.844985
0.625640 0.000010 0.000010 0.000010 0.000010 0.000010 0.000010 0.305957 0.000010 0.068333
0.410505 0.217132 0.000010 0.000010 0.000010 0.043965 0.007136 0.130069 0.169531 0.021632
0.403002 0.218582 0.000010 0.000010 0.000010 0.049771 0.000010 0.130750 0.168555 0.029301
0.415194 0.215578 0.000010 0.000010 0.000010 0.048464 0.000010 0.156097 0.143008 0.021619
0.841534 0.000010 0.000010 0.011024 0.000010 0.016715 0.002221 0.124047 0.002963 0.001466
0.237018 0.537776 0.003474 0.009520 0.000010 0.000010 0.004126 0.071727 0.109819 0.026519
0.560198 0.000010 0.000010 0.000010 0.000010 0.000010 0.000010 0.339403 0.000010 0.100329
0.646805 0.000010 0.000010 0.000010 0.000010 0.000010 0.000010 0.262069 0.000010 0.091056
0.615420 0.000012 0.000010 0.000010 0.000010 0.000010 0.000010 0.280024 0.000010 0.104484
0.408922 0.227479 0.000010 0.000010 0.000010 0.033553 0.000010 0.145993 0.171894 0.012121
0.435768 0.219434 0.000010 0.000010 0.000010 0.040280 0.000010 0.134680 0.169788 0.000010
0.396021 0.211307 0.000010 0.000010 0.000010 0.029690 0.001504 0.127226 0.197036 0.037186
0.530343 0.261669 0.000010 0.019856 0.000846 0.013277 0.000465 0.100668 0.048220 0.024645
0.034672 0.255594 0.000010 0.000010 0.000010 0.225826 0.000010 0.022573 0.056007 0.405288
0.008288 0.000010 0.000010 0.000010 0.000010 0.129499 0.000010 0.000010 0.000010 0.862144
0.148167 0.000010 0.000010 0.000010 0.000010 0.000010 0.000010 0.000010 0.000010 0.851753
0.597055 0.000010 0.000010 0.000010 0.000010 0.000010 0.000010 0.335393 0.000010 0.067482
0.579852 0.000010 0.000010 0.000010 0.000010 0.000010 0.000010 0.329484 0.000010 0.090593
0.451689 0.200607 0.001345 0.000010 0.000010 0.025292 0.002284 0.146743 0.153800 0.018221
0.423394 0.226321 0.000010 0.000010 0.000010 0.043058 0.000010 0.137639 0.169538 0.000010
0.380999 0.382697 0.000010 0.043573 0.000010 0.000010 0.001477 0.050690 0.078068 0.062466
0.720006 0.109816 0.000010 0.013378 0.000010 0.000010 0.000010 0.096123 0.033872 0.026765
0.000010 0.000010 0.000010 0.000010 0.000010 0.141502 0.000010 0.000010 0.000010 0.858418
0.132076 0.000010 0.000010 0.000010 0.000010 0.000010 0.000010 0.000010 0.000010 0.867844
0.486024 0.000010 0.000010 0.000010 0.000010 0.004129 0.000010 0.407735 0.000010 0.102052
0.418021 0.236934 0.000010 0.000010 0.000010 0.031021 0.004798 0.114289 0.166737 0.028170
0.418153 0.216140 0.000010 0.000010 0.000010 0.038464 0.000010 0.150155 0.165528 0.011520
0.438511 0.203891 0.000010 0.000010 0.000010 0.034736 0.000010 0.144236 0.159280 0.019306
0.368265 0.269966 0.000010 0.000010 0.000010 0.041483 0.003290 0.126663 0.166511 0.023793
0.387980 0.390762 0.000010 0.031292 0.000010 0.000010 0.003827 0.026037 0.070105 0.089966
0.704469 0.072183 0.000010 0.006035 0.000010 0.005872 0.000010 0.128633 0.024639 0.058139
0.019106 0.368683 0.000010 0.013364 0.000010 0.174750 0.000010 0.012301 0.082110 0.329656
0.042531 0.000010 0.000010 0.000010 0.000010 0.042973 0.000010 0.000010 0.000010 0.914426
0.138610 0.000010 0.000010 0.000010 0.000010 0.000010 0.000010 0.000395 0.000010 0.860925
0.434987 0.000010 0.000010 0.000010 0.000012 0.023889 0.000010 0.011220 0.000010 0.529842
0.696814 0.000010 0.000010 0.000010 0.000010 0.001679 0.000010 0.253819 0.000010 0.047629
0.613450 0.000010 0.000010 0.000010 0.000010 0.000010 0.000010 0.284877 0.000010 0.101603
0.381895 0.277601 0.000010 0.000010 0.000010 0.043627 0.000010 0.137855 0.156604 0.002379
0.392701 0.246157 0.000010 0.000010 0.000010 0.029037 0.000010 0.113180 0.194624 0.024260
0.403199 0.229077 0.000010 0.000010 0.000010 0.046974 0.001753 0.147763 0.152149 0.019056
0.369066 0.444975 0.000010 0.029319 0.000010 0.001901 0.000564 0.021839 0.057058 0.075259
0.450668 0.334613 0.000010 0.085519 0.000010 0.002200 0.001761 0.035065 0.063297 0.026857
0.074586 0.417629 0.000010 0.005057 0.001027 0.123021 0.001651 0.010827 0.084723 0.281468
0.000010 0.000010 0.000010 0.000010 0.000010 0.089980 0.000010 0.000010 0.000010 0.909940
0.105799 0.000010 0.000010 0.000010 0.000010 0.000010 0.000010 0.000010 0.000010 0.894121
0.467564 0.000010 0.000010 0.000010 0.000010 0.000010 0.003937 0.010882 0.000010 0.517557
0.397841 0.263242 0.000010 0.000010 0.000010 0.038403 0.002279 0.100827 0.187000 0.010379
0.413273 0.225566 0.000010 0.000010 0.000010 0.041175 0.007593 0.134594 0.152386 0.025383
0.416172 0.389830 0.000010 0.013375 0.000010 0.000624 0.006154 0.000010 0.053828 0.119986
0.433007 0.382599 0.000010 0.013820 0.000010 0.004364 0.009963 0.054542 0.057969 0.043716
0.028658 0.539913 0.000010 0.016922 0.000010 0.103711 0.000010 0.024463 0.086711 0.199592
0.000010 0.000010 0.000010 0.000010 0.000010 0.106705 0.000010 0.000010 0.000010 0.893215
0.141870 0.000010 0.000010 0.000010 0.000010 0.000010 0.000010 0.000010 0.000010 0.858050
0.000010 0.030553 0.003172 0.190658 0.011316 0.005542 0.027670 0.036170 0.694898 0.000010
0.000010 0.015060 0.005941 0.198700 0.000010 0.000010 0.028779 0.033335 0.713711 0.004444
0.018676 0.009437 0.000681 0.201906 0.011176 0.010270 0.024353 0.022524 0.696409 0.004569
0.000010 0.009670 0.006750 0.198515 0.001767 0.000010 0.014681 0.044227 0.724361 0.000010
0.003337 0.012735 0.006288 0.203695 0.000010 0.000494 0.014435 0.041173 0.714643 0.003191
0.000017 0.000331 0.000799 0.214804 0.005040 0.000010 0.023621 0.030389 0.719213 0.005778
0.003650 0.020232 0.004325 0.199340 0.000302 0.003676 0.028895 0.025436 0.714134 0.000010
0.017897 0.067643 0.000010 0.193140 0.011023 0.018037 0.025292 0.035792 0.631156 0.000010
0.000010 0.023604 0.006447 0.189553 0.027187 0.000010 0.035320 0.016494 0.699049 0.002326
0.000218 0.000010 0.004211 0.213966 0.006378 0.007860 0.020685 0.015737 0.719453 0.011483
0.000010 0.023120 0.000010 0.190664 0.002956 0.008215 0.023520 0.030725 0.720769 0.000010
0.000010 0.039909 0.003369 0.171899 0.025285 0.005289 0.029172 0.038621 0.684444 0.002003
0.000010 0.044599 0.000260 0.165774 0.013752 0.003841 0.023294 0.035304 0.704219 0.008947
0.000010 0.024474 0.002805 0.209262 0.000010 0.003283 0.026654 0.032813 0.700678 0.000010
0.000010 0.000010 0.002586 0.179956 0.018361 0.005050 0.024212 0.043095 0.726710 0.000010
0.000010 0.052108 0.002870 0.186346 0.000010 0.000010 0.023102 0.044415 0.684232 0.006895
0.004287 0.028293 0.000763 0.137179 0.032725 0.004646 0.041969 0.052902 0.693108 0.004129
0.002927 0.033277 0.003859 0.190939 0.036327 0.003633 0.028999 0.024263 0.671426 0.004351
0.000010 0.030437 0.004894 0.191057 0.000010 0.002666 0.024782 0.031648 0.707389 0.007106
0.000010 0.040473 0.008323 0.220360 0.045983 0.002790 0.025676 0.024596 0.631780 0.000010
0.000010 0.038364 0.002280 0.185406 0.012507 0.003679 0.024088 0.030439 0.698014 0.005213
0.000017 0.020062 0.000769 0.195856 0.001592 0.002415 0.026217 0.036702 0.716360 0.000010
0.000010 0.057772 0.000307 0.204877 0.000010 0.000010 0.019711 0.022549 0.689978 0.004776
0.005033 0.013292 0.000010 0.148752 0.007611 0.000010 0.041101 0.069476 0.700513 0.014201
0.008671 0.037457 0.000010 0.150611 0.007840 0.000010 0.034407 0.034650 0.717510 0.008835
0.005493 0.021066 0.000010 0.240267 0.023027 0.000014 0.027702 0.021049 0.661362 0.000010
0.008283 0.014966 0.000010 0.250904 0.010140 0.005581 0.016759 0.020817 0.672530 0.000010
0.000614 0.033084 0.005074 0.187736 0.002140 0.011296 0.022686 0.032851 0.704507 0.000010
0.024535 0.058116 0.004318 0.174122 0.000010 0.000010 0.024868 0.057357 0.640661 0.016002
0.000010 0.038839 0.000010 0.184019 0.004886 0.016743 0.023600 0.023127 0.708755 0.000010
0.000010 0.002937 0.000010 0.227195 0.005546 0.002447 0.019153 0.033736 0.708956 0.000010
0.001456 0.054572 0.000010 0.205597 0.051236 0.000010 0.011416 0.024115 0.635591 0.015996
0.004805 0.013298 0.000010 0.222456 0.015124 0.004631 0.011965 0.032269 0.692787 0.002653
0.002611 0.095070 0.000010 0.162605 0.000271 0.010171 0.027228 0.030095 0.671930 0.000010
0.000010 0.019400 0.000010 0.205434 0.003693 0.000010 0.019613 0.012012 0.724477 0.015341
0.000010 0.024882 0.000010 0.203358 0.013085 0.006380 0.017283 0.035475 0.698016 0.001501
0.000010 0.017349 0.000010 0.154930 0.025806 0.000010 0.022591 0.054103 0.712284 0.012907
0.000010 0.000010 0.000010 0.168257 0.014330 0.000010 0.036704 0.055451 0.724609 0.000609
0.012696 0.043646 0.002604 0.165345 0.013211 0.005809 0.026090 0.036973 0.693151 0.000473
0.000124 0.021979 0.001173 0.164882 0.018716 0.000010 0.019196 0.051771 0.722139 0.000010
0.008134 0.041930 0.000074 0.163254 0.047161 0.000010 0.021835 0.045445 0.668555 0.003602
0.259976 0.102657 0.000010 0.101843 0.000010 0.018206 0.002926 0.256071 0.258002 0.000299
0.247753 0.116168 0.000010 0.069650 0.002928 0.014261 0.008844 0.265391 0.257316 0.017679
0.226206 0.155140 0.000010 0.072589 0.000010 0.007740 0.013220 0.260201 0.264872 0.000010
0.251002 0.114918 0.000661 0.080657 0.000010 0.017667 0.017156 0.230250 0.281089 0.006589
0.202791 0.110108 0.001543 0.097207 0.000593 0.011039 0.009221 0.268021 0.299466 0.000010
0.263020 0.134922 0.000010 0.057823 0.000010 0.018531 0.014189 0.247062 0.264423 0.000010
0.235797 0.118150 0.003661 0.081884 0.000010 0.019311 0.008252 0.261958 0.264157 0.006820
0.238277 0.108410 0.000010 0.086908 0.004000 0.001097 0.015077 0.244288 0.301923 0.000010
0.235261 0.119792 0.000010 0.093643 0.001122 0.006002 0.000010 0.246688 0.285879 0.011593
0.246716 0.104051 0.000010 0.075058 0.000010 0.000010 0.007835 0.277790 0.287295 0.001226
0.259122 0.105484 0.000010 0.078355 0.000010 0.001230 0.016824 0.253036 0.285920 0.000010
0.216816 0.138667 0.000010 0.070445 0.000010 0.013035 0.012348 0.249155 0.292032 0.007480
0.230407 0.111593 0.000010 0.084689 0.000010 0.005699 0.010470 0.279209 0.277904 0.000010
0.267907 0.126740 0.000547 0.081946 0.006658 0.014406 0.000831 0.245915 0.251694 0.003357
0.000010 0.008584 0.005366 0.240915 0.021933 0.009113 0.024180 0.021241 0.668648 0.000010
0.016111 0.010672 0.000010 0.232515 0.016521 0.000010 0.013748 0.009485 0.700918 0.000010
0.004872 0.010290 0.009145 0.241878 0.050573 0.000010 0.021643 0.016246 0.638580 0.006762
0.005310 0.033209 0.000431 0.220224 0.008763 0.000010 0.019328 0.021108 0.685474 0.006143
0.008681 0.008656 0.013644 0.224391 0.030144 0.000010 0.019478 0.035965 0.659020 0.000010
0.000010 0.016143 0.000010 0.228384 0.026392 0.008346 0.026529 0.013191 0.678523 0.002472
0.000010 0.048087 0.004905 0.194564 0.056845 0.010921 0.025215 0.041267 0.617515 0.000671
0.000010 0.043173 0.001715 0.222562 0.050731 0.001583 0.008207 0.035059 0.636951 0.000010
0.000010 0.005452 0.000010 0.233428 0.031823 0.000010 0.021115 0.020163 0.679928 0.008061
0.000010 0.022342 0.013578 0.221051 0.039155 0.009728 0.013278 0.027726 0.653121 0.000010
0.010113 0.038889 0.000010 0.235338 0.029669 0.000010 0.018567 0.015436 0.651959 0.000010
0.017209 0.000010 0.000010 0.240552 0.044422 0.000010 0.016690 0.015503 0.665583 0.000010
0.000010 0.009391 0.013317 0.227869 0.040085 0.008352 0.029707 0.020688 0.648867 0.001714
0.001744 0.014487 0.011271 0.232183 0.070767 0.000010 0.014605 0.033299 0.621623 0.000010
0.000010 0.000010 0.005572 0.229801 0.033150 0.004938 0.019591 0.015047 0.687235 0.004646
0.000010 0.031660 0.000765 0.238378 0.017682 0.000010 0.013188 0.019308 0.663894 0.015105
0.000010 0.007207 0.000010 0.232230 0.044944 0.000010 0.016389 0.021672 0.677518 0.000010
0.000010 0.007760 0.000010 0.225613 0.005649 0.012800 0.026645 0.021895 0.699607 0.000010
0.000010 0.019713 0.006244 0.215803 0.016211 0.000010 0.013723 0.031264 0.685154 0.011868
0.003264 0.000010 0.002241 0.224966 0.040471 0.000862 0.013901 0.031506 0.679683 0.003095
0.000010 0.020764 0.001075 0.104943 0.013211 0.003604 0.047143 0.083994 0.710972 0.014285
0.002307 0.037970 0.000010 0.080303 0.012324 0.000356 0.047260 0.085987 0.720443 0.013039
0.000010 0.080158 0.004151 0.073065 0.000010 0.015170 0.044269 0.084219 0.698938 0.000010
0.005146 0.015168 0.000010 0.104934 0.005680 0.004716 0.049140 0.066240 0.746264 0.002702
0.004327 0.046204 0.002350 0.088386 0.001691 0.009386 0.043176 0.085081 0.719389 0.000010
0.000010 0.051523 0.004570 0.093064 0.006780 0.012893 0.054069 0.082320 0.694762 0.000010
0.000010 0.084139 0.009029 0.108663 0.000010 0.005980 0.040921 0.068814 0.670642 0.011792
0.005981 0.064201 0.001725 0.081434 0.004484 0.004375 0.034579 0.070355 0.717060 0.015807
0.000010 0.058691 0.000010 0.091922 0.004420 0.010751 0.047442 0.081754 0.697729 0.007271
0.000010 0.094541 0.000010 0.087910 0.000010 0.006365 0.031656 0.093743 0.682566 0.003189
0.000010 0.052555 0.000010 0.057334 0.021997 0.009266 0.041538 0.083634 0.727674 0.005981
0.008414 0.010629 0.000605 0.092084 0.005970 0.012699 0.049435 0.085692 0.727291 0.007180
0.020880 0.064566 0.000010 0.103990 0.004620 0.008161 0.037654 0.072682 0.686297 0.001139
0.019974 0.086910 0.002807 0.080490 0.008364 0.009390 0.039903 0.062048 0.676995 0.013119
0.000010 0.075037 0.000871 0.084497 0.011241 0.001206 0.036873 0.086128 0.701175 0.002963
0.005570 0.040832 0.000010 0.076334 0.012996 0.009029 0.041921 0.106724 0.699126 0.007458
0.008520 0.089093 0.002339 0.080602 0.012599 0.009087 0.044551 0.083389 0.665760 0.004059
0.005964 0.045597 0.000010 0.097329 0.008407 0.014682 0.044367 0.081297 0.699597 0.002750
0.009775 0.146787 0.001196 0.108452 0.000010 0.009299 0.037793 0.042838 0.630373 0.013476
0.024023 0.107778 0.000010 0.116259 0.004629 0.013179 0.033020 0.070256 0.630836 0.000010
0.013006 0.144959 0.000010 0.105968 0.000010 0.000010 0.028412 0.056802 0.628588 0.022234
0.000010 0.106352 0.000010 0.080954 0.001541 0.011528 0.040394 0.075336 0.677660 0.006216
0.007396 0.145877 0.000010 0.105326 0.000010 0.010144 0.030253 0.058901 0.630837 0.011247
0.027997 0.108545 0.002859 0.130522 0.000010 0.017100 0.035004 0.055146 0.616885 0.005932
0.012923 0.097064 0.000010 0.091140 0.010066 0.006713 0.035611 0.071144 0.664018 0.011311
0.012387 0.122572 0.005905 0.075216 0.000593 0.017095 0.040760 0.066898 0.658564 0.000010
0.008835 0.084168 0.003621 0.067490 0.000750 0.008164 0.039648 0.077821 0.708715 0.000789
0.007579 0.147853 0.000010 0.101458 0.000010 0.007136 0.034852 0.047455 0.644019 0.009628
0.015190 0.119803 0.000010 0.131464 0.004541 0.006507 0.018926 0.043062 0.652527 0.007972
0.028649 0.111607 0.000010 0.104696 0.004226 0.014595 0.034588 0.065131 0.636487 0.000010
0.015316 0.094627 0.000010 0.097227 0.005612 0.000010 0.034300 0.062396 0.669308 0.021193
0.004901 0.088658 0.000010 0.087260 0.006000 0.005450 0.045994 0.067897 0.675668 0.018163
0.010053 0.138659 0.000010 0.112585 0.001927 0.006223 0.024108 0.050229 0.641207 0.015000
0.024501 0.087745 0.000012 0.071719 0.004549 0.006367 0.047790 0.079813 0.671510 0.005993
0.002561 0.138462 0.000010 0.095513 0.005555 0.006898 0.019898 0.062243 0.652330 0.016530
0.017804 0.115466 0.000424 0.116317 0.003109 0.007278 0.031570 0.065059 0.641885 0.001088
0.003313 0.109844 0.000010 0.097767 0.003590 0.022671 0.034117 0.075315 0.647521 0.005852
0.000019 0.084845 0.000010 0.000010 0.000010 0.000010 0.016702 0.030001 0.846705 0.021687
0.000010 0.095232 0.000010 0.007816 0.000010 0.007355 0.022217 0.039440 0.822446 0.005464
0.000010 0.114299 0.000010 0.000010 0.002075 0.000010 0.022301 0.045081 0.801871 0.014332
0.007611 0.118259 0.000010 0.000010 0.000010 0.000010 0.023106 0.031272 0.811506 0.008205
0.000010 0.079875 0.000010 0.000010 0.000010 0.006885 0.019533 0.033238 0.844768 0.015660
0.000010 0.083448 0.000010 0.000010 0.000010 0.009716 0.028533 0.035157 0.841478 0.001627
0.000010 0.101586 0.000010 0.001231 0.000010 0.007064 0.026466 0.052445 0.810074 0.001104
0.000010 0.107150 0.000010 0.007811 0.000010 0.000010 0.025090 0.043494 0.800272 0.016143
0.002453 0.118288 0.000010 0.000010 0.000010 0.001609 0.026614 0.044073 0.794790 0.012142
0.000010 0.128633 0.000010 0.004374 0.000010 0.012616 0.024922 0.043444 0.778059 0.007921
0.007070 0.113946 0.000010 0.000010 0.000010 0.001330 0.021410 0.045909 0.797817 0.012489
0.000010 0.071440 0.000010 0.000010 0.000010 0.007038 0.025656 0.042970 0.847467 0.005390
0.000010 0.120444 0.000010 0.001469 0.000010 0.002920 0.025863 0.053629 0.795635 0.000010
0.000010 0.087481 0.000010 0.000010 0.000010 0.000010 0.018133 0.044819 0.840647 0.008869
0.000010 0.092247 0.000010 0.016461 0.000010 0.009789 0.021262 0.037071 0.823130 0.000010
0.000010 0.083510 0.000010 0.000010 0.000010 0.009603 0.016244 0.021697 0.853788 0.015117
0.004419 0.080873 0.000010 0.000010 0.000010 0.000010 0.025018 0.042695 0.837745 0.009210
0.000010 0.105037 0.000010 0.000010 0.000010 0.005376 0.030402 0.039028 0.812409 0.007707
0.057087 0.088707 0.000648 0.034612 0.006366 0.011163 0.041936 0.135606 0.623865 0.000010
0.045016 0.104415 0.003925 0.072146 0.000542 0.011034 0.035050 0.112161 0.602657 0.013055
0.045228 0.093200 0.004229 0.038953 0.005399 0.013485 0.042233 0.112766 0.630887 0.013619
0.063823 0.072445 0.000010 0.064028 0.003201 0.002297 0.035282 0.125024 0.633880 0.000010
0.025982 0.066805 0.005899 0.075851 0.000162 0.015932 0.028972 0.131173 0.638512 0.010711
0.029430 0.106572 0.000823 0.042695 0.000786 0.008907 0.036990 0.130284 0.631558 0.011954
0.022578 0.065230 0.001618 0.063369 0.002252 0.020243 0.038829 0.138467 0.646450 0.000965
0.042052 0.099506 0.000010 0.059369 0.000010 0.005254 0.039212 0.118303 0.626876 0.009409
0.045498 0.110413 0.003714 0.036148 0.002426 0.012691 0.040695 0.120664 0.612115 0.015635
0.048468 0.080703 0.000010 0.049919 0.000010 0.012522 0.037156 0.128344 0.640550 0.002319
0.024151 0.100613 0.000010 0.057412 0.003850 0.023696 0.038014 0.136455 0.608421 0.007379
0.031922 0.059650 0.001041 0.065825 0.004598 0.006559 0.037577 0.125609 0.667210 0.000010
0.032492 0.094084 0.000010 0.046025 0.000010 0.012162 0.033769 0.130895 0.644562 0.005991
0.044129 0.107149 0.000010 0.051711 0.002929 0.015938 0.028025 0.128874 0.617812 0.003422
0.052636 0.086333 0.000010 0.046194 0.000795 0.010539 0.041307 0.138983 0.623193 0.000010
0.060735 0.100253 0.000010 0.054870 0.001457 0.014331 0.038845 0.109136 0.620353 0.000010
0.019682 0.092745 0.003374 0.046248 0.003546 0.016776 0.036036 0.126751 0.634883 0.019959
0.029990 0.091146 0.000010 0.064584 0.004439 0.006468 0.030406 0.134266 0.618177 0.020514
0.042397 0.120957 0.000010 0.054420 0.000010 0.001087 0.030212 0.119680 0.623292 0.007935
0.040455 0.105273 0.000010 0.039713 0.003994 0.014511 0.034988 0.106872 0.653437 0.000747
0.030673 0.096043 0.000010 0.040162 0.000010 0.013967 0.031475 0.127302 0.653620 0.006737
0.043058 0.074395 0.000010 0.048160 0.000343 0.009862 0.035335 0.097237 0.669456 0.022142
0.044168 0.084664 0.000010 0.060563 0.001292 0.020237 0.034456 0.120770 0.633830 0.000010
0.000010 0.000010 0.809931 0.000010 0.189989 0.000010 0.000010 0.000010 0.000010 0.000010
0.000010 0.000010 0.550049 0.000010 0.449871 0.000010 0.000010 0.000010 0.000010 0.000010
0.000010 0.000010 0.572382 0.000010 0.427538 0.000010 0.000010 0.000010 0.000010 0.000010
0.000010 0.000010 0.543513 0.000010 0.456407 0.000010 0.000010 0.000010 0.000010 0.000010
0.000010 0.000010 0.553226 0.000010 0.446694 0.000010 0.000010 0.000010 0.000010 0.000010
0.000010 0.000010 0.557449 0.000010 0.442471 0.000010 0.000010 0.000010 0.000010 0.000010
0.000010 0.000010 0.530915 0.000010 0.469005 0.000010 0.000010 0.000010 0.000010 0.000010
0.000010 0.000010 0.577461 0.000010 0.422459 0.000010 0.000010 0.000010 0.000010 0.000010
0.000010 0.000010 0.804883 0.000010 0.195037 0.000010 0.000010 0.000010 0.000010 0.000010
0.000010 0.000010 0.793108 0.000010 0.206812 0.000010 0.000010 0.000010 0.000010 0.000010
0.000010 0.000010 0.564085 0.000010 0.435835 0.000010 0.000010 0.000010 0.000010 0.000010
0.000010 0.000010 0.572937 0.000010 0.426983 0.000010 0.000010 0.000010 0.000010 0.000010
0.000010 0.000010 0.564965 0.000010 0.434955 0.000010 0.000010 0.000010 0.000010 0.000010
0.000010 0.000010 0.814214 0.000010 0.185706 0.000010 0.000010 0.000010 0.000010 0.000010
0.000013 0.000010 0.547947 0.000010 0.451969 0.000010 0.000010 0.000010 0.000010 0.000010
0.000010 0.000010 0.551996 0.000010 0.447924 0.000010 0.000010 0.000010 0.000010 0.000010
0.000010 0.000010 0.533009 0.000010 0.466911 0.000010 0.000010 0.000010 0.000010 0.000010
0.000010 0.000010 0.545487 0.000010 0.454433 0.000010 0.000010 0.000010 0.000010 0.000010
0.000010 0.000010 0.831949 0.000010 0.167971 0.000010 0.000010 0.000010 0.000010 0.000010
0.000010 0.000010 0.535598 0.000010 0.464322 0.000010 0.000010 0.000010 0.000010 0.000010
0.000010 0.000010 0.810362 0.000010 0.189558 0.000010 0.000010 0.000010 0.000010 0.000010
0.000010 0.000010 0.819848 0.000010 0.180072 0.000010 0.000010 0.000010 0.000010 0.000010
0.000010 0.716303 0.000010 0.179185 0.000010 0.003780 0.000010 0.000010 0.100672 0.000010
0.002214 0.666719 0.000010 0.231164 0.000320 0.003000 0.003295 0.000010 0.093258 0.000010
0.000010 0.673484 0.001235 0.216516 0.003863 0.006629 0.001049 0.001212 0.094221 0.001782
0.002442 0.710432 0.000010 0.167764 0.000356 0.004279 0.005195 0.000010 0.104914 0.004597
0.000010 0.727121 0.000108 0.181365 0.000977 0.001193 0.000010 0.000020 0.089186 0.000010
0.000010 0.660388 0.000010 0.215681 0.000010 0.002584 0.000619 0.000010 0.118656 0.002032
0.000010 0.695478 0.000010 0.205784 0.003579 0.001671 0.000010 0.000010 0.088934 0.004514
0.000010 0.718131 0.000010 0.198802 0.000010 0.000010 0.005671 0.000010 0.077336 0.000010
0.000010 0.753025 0.001834 0.132046 0.000010 0.000010 0.005433 0.000010 0.107611 0.000010
0.000010 0.704089 0.000010 0.204338 0.000010 0.000510 0.000010 0.000010 0.091003 0.000010
0.002134 0.723282 0.000010 0.186465 0.000010 0.005356 0.000010 0.000172 0.078032 0.004528
0.000010 0.679061 0.000580 0.243649 0.001795 0.005067 0.000010 0.000010 0.069808 0.000010
0.000010 0.695039 0.000010 0.206916 0.006767 0.010934 0.000010 0.000010 0.080293 0.000010
0.000010 0.711955 0.000010 0.176884 0.000010 0.000010 0.002817 0.000010 0.108283 0.000010
0.000010 0.697093 0.000350 0.186354 0.001273 0.000010 0.004895 0.000010 0.102702 0.007303
0.000010 0.707498 0.000010 0.169445 0.004841 0.000838 0.008554 0.000017 0.108776 0.000010
0.002772 0.679327 0.004578 0.206873 0.000010 0.003745 0.005102 0.000068 0.097515 0.000010
0.002374 0.725760 0.000010 0.238745 0.002890 0.000010 0.001824 0.000071 0.028307 0.000010
0.001917 0.746132 0.000010 0.121044 0.000010 0.004773 0.000010 0.000010 0.126084 0.000010
0.000010 0.719717 0.000010 0.191499 0.004567 0.003876 0.001246 0.008082 0.070984 0.000010
0.000010 0.735181 0.000010 0.148570 0.000010 0.001427 0.000010 0.000010 0.114762 0.000010
0.000010 0.644989 0.005986 0.260275 0.001591 0.000010 0.006036 0.009072 0.072022 0.000010
0.000010 0.691526 0.000010 0.224360 0.000014 0.005957 0.002590 0.000010 0.075513 0.000010
0.000010 0.698024 0.000010 0.215764 0.001694 0.000010 0.000115 0.000010 0.084353 0.000010
0.003152 0.695882 0.001701 0.228288 0.003910 0.000010 0.003573 0.002594 0.058982 0.001908
0.000010 0.000010 0.000010 0.000010 0.000010 0.000010 0.999910 0.000010 0.000010 0.000010
0.000010 0.000010 0.000010 0.000010 0.000010 0.000010 0.999910 0.000010 0.000010 0.000010
0.000010 0.000010 0.000010 0.000010 0.000010 0.000010 0.999910 0.000010 0.000010 0.000010
0.000010 0.000010 0.000010 0.000010 0.000010 0.000010 0.999910 0.000010 0.000010 0.000010
0.000010 0.000010 0.000010 0.000010 0.000010 0.000010 0.999907 0.000013 0.000010 0.000010
0.000010 0.000010 0.000010 0.000010 0.000010 0.000010 0.999908 0.000012 0.000010 0.000010
0.000010 0.000010 0.000010 0.000010 0.000010 0.000010 0.999910 0.000010 0.000010 0.000010
0.000010 0.000010 0.000010 0.000010 0.000010 0.000010 0.999908 0.000012 0.000010 0.000010
0.000010 0.000010 0.000010 0.000010 0.000010 0.000010 0.999906 0.000014 0.000010 0.000010
0.000010 0.000010 0.000010 0.000010 0.000010 0.000010 0.999910 0.000010 0.000010 0.000010
0.000010 0.000010 0.000010 0.000010 0.000010 0.000010 0.999908 0.000012 0.000010 0.000010
0.000010 0.000010 0.000010 0.000010 0.000010 0.000010 0.999910 0.000010 0.000010 0.000010
0.000010 0.000010 0.000010 0.000010 0.000010 0.000010 0.999910 0.000010 0.000010 0.000010
0.000010 0.000010 0.000010 0.000010 0.000010 0.000010 0.999910 0.000010 0.000010 0.000010
0.000010 0.140918 0.000010 0.593952 0.011036 0.000010 0.002462 0.000010 0.251582 0.000010
0.000010 0.118597 0.003481 0.598346 0.009622 0.000010 0.000010 0.000010 0.269905 0.000010
0.000567 0.164262 0.007782 0.564825 0.011657 0.000010 0.000010 0.000010 0.249660 0.001218
0.000010 0.109702 0.006052 0.600454 0.001752 0.000010 0.005604 0.000010 0.276396 0.000010
0.000010 0.148227 0.000556 0.573110 0.020507 0.004080 0.000010 0.000010 0.253480 0.000010
0.001085 0.144830 0.008784 0.585991 0.006827 0.000010 0.001989 0.000010 0.250464 0.000010
0.000010 0.140848 0.004275 0.576230 0.017039 0.000010 0.003617 0.000010 0.257952 0.000010
0.000010 0.128623 0.004401 0.590723 0.009477 0.000010 0.000010 0.000010 0.266726 0.000010
0.000010 0.124964 0.007246 0.596994 0.015149 0.000010 0.000010 0.000010 0.255596 0.000010
0.002087 0.146711 0.001140 0.578302 0.018062 0.000010 0.000010 0.007833 0.245802 0.000043
0.000010 0.113793 0.010071 0.605237 0.009783 0.000010 0.002018 0.000010 0.259058 0.000010
0.000010 0.108428 0.001316 0.578211 0.008336 0.000563 0.000010 0.000010 0.297966 0.005151
0.000010 0.166096 0.006478 0.569880 0.013823 0.001766 0.000010 0.000010 0.241916 0.000010
0.000010 0.143747 0.001303 0.573876 0.008010 0.000010 0.000267 0.000010 0.269996 0.002770
0.000010 0.106912 0.000480 0.583557 0.022058 0.000010 0.000010 0.000010 0.286943 0.000010
0.000010 0.148776 0.007523 0.556798 0.015312 0.001886 0.000010 0.000010 0.266788 0.002886
0.000010 0.097668 0.007419 0.607799 0.002971 0.002276 0.000010 0.000010 0.281828 0.000010
0.000010 0.142308 0.006802 0.579748 0.007715 0.000010 0.002580 0.000010 0.260806 0.000010
0.000010 0.126486 0.013921 0.592501 0.007911 0.006107 0.005029 0.000010 0.245344 0.002682
0.001858 0.137463 0.000727 0.593712 0.021905 0.000010 0.003573 0.005061 0.235679 0.000010
0.001316 0.144622 0.005510 0.617686 0.009335 0.000777 0.002910 0.000010 0.217826 0.000010
0.000010 0.156957 0.003809 0.564083 0.017883 0.000010 0.007615 0.000010 0.249613 0.000010
0.000010 0.153392 0.005744 0.564785 0.020359 0.006484 0.000010 0.000010 0.249195 0.000010
0.002773 0.114866 0.008632 0.601925 0.001427 0.000010 0.000010 0.000010 0.270338 0.000010
0.000164 0.149369 0.007804 0.561399 0.016059 0.001602 0.000010 0.000010 0.261942 0.001641
0.000010 0.151179 0.000010 0.577986 0.025040 0.000010 0.000010 0.000010 0.245736 0.000010
0.000010 0.177833 0.000010 0.552829 0.016942 0.000010 0.002217 0.000010 0.250130 0.000010
0.000010 0.098947 0.006697 0.598774 0.016778 0.000010 0.007494 0.000010 0.271270 0.000010
0.000010 0.147947 0.004145 0.566903 0.013268 0.001544 0.002077 0.000010 0.264087 0.000010
0.000010 0.142519 0.001911 0.595378 0.017964 0.000010 0.000010 0.004403 0.237785 0.000010
0.000010 0.140171 0.008511 0.564579 0.002476 0.001450 0.003987 0.000010 0.278796 0.000010
0.000010 0.152174 0.002729 0.591952 0.007862 0.005637 0.002965 0.000010 0.236650 0.000010
0.000010 0.134146 0.011788 0.586493 0.016739 0.000010 0.000010 0.000010 0.250784 0.000010
0.000010 0.152200 0.004611 0.561733 0.003106 0.000010 0.000267 0.000010 0.278043 0.000010
0.000010 0.151143 0.003352 0.566722 0.011933 0.000010 0.005151 0.000010 0.261659 0.000010
0.000010 0.130504 0.002131 0.591704 0.015141 0.000010 0.002019 0.000010 0.258460 0.000010
0.000010 0.181520 0.005191 0.556268 0.011012 0.000010 0.000229 0.003054 0.242697 0.000010
0.000010 0.121196 0.008301 0.604418 0.000010 0.000010 0.000010 0.000010 0.266026 0.000010
0.000010 0.166964 0.009768 0.563122 0.013557 0.000010 0.003677 0.000010 0.242872 0.000010
0.000938 0.000010 0.009816 0.798722 0.067222 0.006218 0.005234 0.000010 0.110572 0.001258
0.004503 0.030907 0.001233 0.755102 0.063927 0.000010 0.000010 0.000010 0.144288 0.000010
0.002672 0.105589 0.010140 0.591315 0.099561 0.010836 0.000010 0.002026 0.177842 0.000010
0.000010 0.000010 0.009300 0.836839 0.048979 0.005528 0.003233 0.000010 0.092940 0.003150
0.004772 0.111416 0.000010 0.568939 0.170779 0.000010 0.000406 0.004347 0.139310 0.000010
0.004601 0.000010 0.010900 0.859648 0.033456 0.001286 0.000010 0.000010 0.090068 0.000010
0.000010 0.092355 0.005466 0.568350 0.080761 0.011089 0.000010 0.001825 0.240124 0.000010
0.000010 0.080886 0.000010 0.605961 0.092296 0.000010 0.004892 0.002795 0.213131 0.000010
0.000834 0.073764 0.002798 0.630305 0.066079 0.012796 0.003742 0.000010 0.204786 0.004886
0.000010 0.000010 0.011582 0.842292 0.040449 0.002471 0.003803 0.000010 0.088334 0.011039
0.000010 0.000010 0.000768 0.846319 0.050919 0.012199 0.000010 0.000010 0.089744 0.000010
0.000010 0.112869 0.017526 0.614724 0.065549 0.000010 0.000216 0.000010 0.189077 0.000010
0.000010 0.075969 0.002959 0.608243 0.129483 0.004332 0.000010 0.008009 0.170792 0.000193
0.010016 0.083161 0.007300 0.631746 0.079678 0.001687 0.001265 0.000010 0.185126 0.000010
0.000010 0.000010 0.014079 0.817991 0.056179 0.005490 0.000010 0.000010 0.106211 0.000010
0.000010 0.000010 0.005742 0.802688 0.072812 0.002580 0.002160 0.000010 0.112661 0.001328
0.004416 0.089915 0.010023 0.610220 0.065584 0.008884 0.000010 0.003741 0.207196 0.000010
0.008055 0.085571 0.000010 0.598442 0.077000 0.006911 0.004571 0.000010 0.219420 0.000010
0.000161 0.087210 0.006343 0.598074 0.079485 0.000010 0.003293 0.000010 0.213183 0.012230
0.000010 0.122959 0.014549 0.587053 0.078316 0.000010 0.012478 0.000010 0.184605 0.000010
0.000437 0.000010 0.000010 0.848575 0.060228 0.007822 0.000010 0.000010 0.076437 0.006461
0.000010 0.000010 0.006468 0.859967 0.044413 0.006251 0.000010 0.000010 0.081036 0.001825
0.000010 0.080500 0.009372 0.588535 0.138327 0.004292 0.000672 0.001926 0.172403 0.003962
0.011406 0.107450 0.010918 0.577003 0.120819 0.000010 0.000010 0.000010 0.172199 0.000175
0.000010 0.115069 0.000010 0.574742 0.108347 0.008943 0.003860 0.000628 0.187515 0.000877
0.000010 0.000010 0.000276 0.798532 0.064923 0.009696 0.007404 0.000010 0.118541 0.000598
0.000010 0.082951 0.007187 0.608302 0.088700 0.000596 0.003505 0.003351 0.197954 0.007445
0.000010 0.106758 0.015000 0.607917 0.124249 0.000010 0.000563 0.000010 0.137703 0.007780
0.000010 0.057610 0.006126 0.705653 0.069420 0.012250 0.002817 0.000010 0.146093 0.000010
0.004867 0.096462 0.011948 0.584050 0.136361 0.005275 0.002120 0.000010 0.156173 0.002733
0.000010 0.000010 0.013091 0.787456 0.050030 0.001435 0.000010 0.000010 0.145360 0.002588
0.000010 0.070655 0.000010 0.638224 0.073550 0.002406 0.007504 0.000137 0.207493 0.000010
0.000010 0.000010 0.008856 0.845128 0.036608 0.012850 0.002387 0.000010 0.089163 0.004978
0.001046 0.097937 0.000010 0.615853 0.075091 0.004770 0.010060 0.000565 0.194659 0.000010
0.011307 0.100251 0.000927 0.579592 0.108726 0.000010 0.000010 0.000010 0.199157 0.000010
0.000010 0.084243 0.003240 0.595163 0.171677 0.000459 0.000010 0.000010 0.143199 0.001988
0.008011 0.088754 0.005513 0.621905 0.075319 0.001418 0.001382 0.003439 0.194249 0.000010
0.000010 0.000010 0.005188 0.818087 0.056942 0.008176 0.001636 0.000010 0.099826 0.010115
0.000010 0.000010 0.006538 0.854146 0.039376 0.008555 0.001555 0.000010 0.086558 0.003242
0.009561 0.000010 0.009963 0.807332 0.046106 0.008725 0.000010 0.000010 0.116764 0.001520
0.006022 0.000010 0.000010 0.800149 0.067897 0.008501 0.000010 0.000010 0.116734 0.000659
0.002011 0.000010 0.014618 0.804566 0.035143 0.007462 0.000439 0.000010 0.135731 0.000010
0.016065 0.109705 0.000173 0.568137 0.056183 0.000579 0.001181 0.000010 0.247956 0.000010
0.000010 0.000010 0.000010 0.000010 0.000010 0.000010 0.798110 0.201810 0.000010 0.000010
0.000010 0.000010 0.000010 0.000010 0.000010 0.000010 0.798088 0.201832 0.000010 0.000010
0.000010 0.000010 0.000010 0.000010 0.000010 0.000010 0.801532 0.198388 0.000010 0.000010
0.000010 0.000010 0.000010 0.000010 0.000010 0.000156 0.797390 0.202383 0.000010 0.000010
0.000010 0.000010 0.000010 0.000010 0.000010 0.000010 0.769405 0.230515 0.000010 0.000010
0.000010 0.000010 0.000010 0.000010 0.000010 0.000010 0.815734 0.184186 0.000010 0.000010
0.000010 0.000010 0.000010 0.000010 0.000010 0.000010 0.800862 0.199058 0.000010 0.000010
0.000010 0.538436 0.000010 0.461484 0.000010 0.000010 0.000010 0.000010 0.000010 0.000010
0.000010 0.575812 0.002735 0.421384 0.000010 0.000010 0.000010 0.000010 0.000010 0.000010
0.000010 0.538250 0.003733 0.457886 0.000071 0.000010 0.000010 0.000010 0.000010 0.000010
0.000010 0.553482 0.000010 0.445248 0.001199 0.000010 0.000010 0.000010 0.000010 0.000010
0.000010 0.538803 0.000010 0.457471 0.003656 0.000010 0.000010 0.000010 0.000010 0.000010
0.000010 0.559235 0.000010 0.440685 0.000010 0.000010 0.000010 0.000010 0.000010 0.000010
0.000010 0.538515 0.000010 0.461405 0.000010 0.000010 0.000010 0.000010 0.000010 0.000010
0.000010 0.534962 0.002437 0.460590 0.001951 0.000010 0.000010 0.000010 0.000010 0.000010
0.000010 0.561326 0.001395 0.435902 0.001317 0.000010 0.000010 0.000010 0.000010 0.000010
0.002755 0.120391 0.000010 0.603728 0.054775 0.004846 0.007938 0.000010 0.205537 0.000010
0.000010 0.111431 0.000010 0.587158 0.062375 0.000010 0.002765 0.000010 0.233868 0.002363
0.000010 0.101769 0.000010 0.604933 0.061504 0.003155 0.003205 0.000010 0.225088 0.000317
0.000010 0.111802 0.002899 0.591439 0.050012 0.000010 0.001078 0.000010 0.242730 0.000010
0.006339 0.077776 0.013803 0.590450 0.084641 0.000010 0.005863 0.001223 0.219885 0.000010
0.011847 0.083661 0.012843 0.592973 0.064613 0.000010 0.002690 0.001201 0.227579 0.002583
0.004719 0.110879 0.006804 0.607064 0.061644 0.000010 0.013758 0.000010 0.195102 0.000010
0.000010 0.085183 0.004732 0.619665 0.102815 0.000010 0.000970 0.005512 0.181093 0.000010
0.000010 0.122258 0.000010 0.571808 0.095852 0.000015 0.000010 0.002607 0.197153 0.010277
0.001258 0.094888 0.004912 0.619642 0.043274 0.003352 0.000010 0.000010 0.232176 0.000478
0.000010 0.129666 0.000595 0.574084 0.058648 0.000010 0.006240 0.003307 0.227431 0.000010
0.002589 0.114198 0.009763 0.600940 0.049893 0.000010 0.001417 0.000010 0.221171 0.000010
0.000943 0.102668 0.000404 0.607774 0.054943 0.001645 0.006904 0.000010 0.224700 0.000010
0.000010 0.111967 0.000010 0.584731 0.077742 0.003983 0.000010 0.003789 0.217186 0.000571
0.001310 0.111327 0.012093 0.593124 0.053925 0.000010 0.000010 0.000010 0.228181 0.000010
0.007904 0.134047 0.000010 0.571707 0.065348 0.002720 0.000010 0.000010 0.218234 0.000010
0.000010 0.114813 0.000010 0.609475 0.055486 0.000010 0.000010 0.002274 0.217902 0.000010
0.000010 0.130228 0.009255 0.591365 0.070106 0.000010 0.000411 0.001486 0.197118 0.000010
0.000010 0.134283 0.017516 0.571929 0.056354 0.000010 0.000010 0.000010 0.219868 0.000010
0.009420 0.121225 0.006644 0.591641 0.085361 0.000010 0.000113 0.000010 0.185566 0.000010
0.000010 0.000010 0.007025 0.834627 0.042125 0.016555 0.002743 0.000010 0.096886 0.000010
0.000010 0.000010 0.000010 0.000010 0.000010 0.999910 0.000010 0.000010 0.000010 0.000010
0.000010 0.000010 0.000010 0.000010 0.000010 0.999910 0.000010 0.000010 0.000010 0.000010
0.000010 0.000010 0.000010 0.000010 0.000010 0.999908 0.000010 0.000012 0.000010 0.000010
0.007616 0.006586 0.000010 0.000010 0.004934 0.000010 0.044030 0.810857 0.125937 0.000010
0.013017 0.000010 0.000010 0.004262 0.001436 0.000010 0.032271 0.856955 0.074183 0.017846
