0.902381 0.007765 0.000010 0.007811 0.052054 0.026365 0.003615
0.938370 0.002372 0.000010 0.000010 0.022709 0.036518 0.000010
0.991336 0.002757 0.000010 0.000010 0.005867 0.000010 0.000010
0.812408 0.018345 0.005657 0.012765 0.107837 0.042980 0.000010
0.888035 0.011402 0.016523 0.012180 0.038696 0.033153 0.000010
0.958158 0.002543 0.000010 0.005110 0.030925 0.003244 0.000010
0.720743 0.008226 0.002089 0.014108 0.235541 0.013242 0.006052
0.680661 0.019567 0.019771 0.003719 0.166757 0.100505 0.009020
0.000010 0.000019 0.280630 0.681983 0.037338 0.000010 0.000010
0.000010 0.000010 0.259626 0.709292 0.028914 0.000010 0.002139
0.000010 0.000010 0.188759 0.782904 0.000010 0.000010 0.028297
0.000010 0.000011 0.104657 0.842201 0.000010 0.000010 0.053102
0.000010 0.000010 0.000010 0.831990 0.000010 0.000010 0.167960
0.000010 0.000010 0.057789 0.865870 0.000010 0.000010 0.076301
0.000010 0.000010 0.000010 0.751757 0.000010 0.000010 0.248193
0.000010 0.000010 0.173600 0.805956 0.000010 0.000010 0.020404
0.000010 0.000010 0.000010 0.881216 0.000010 0.000010 0.118734
0.000010 0.000010 0.000010 0.873701 0.000010 0.000010 0.126249
0.000010 0.000010 0.000010 0.895770 0.000010 0.000010 0.104180
0.000010 0.000010 0.334152 0.597729 0.058659 0.009430 0.000010
0.000010 0.000010 0.000010 0.871585 0.000010 0.000010 0.128365
0.000010 0.000010 0.236480 0.763470 0.000010 0.000010 0.000010
0.000012 0.000013 0.000010 0.879541 0.000010 0.000010 0.120403
0.000010 0.000010 0.185497 0.794054 0.000010 0.000010 0.020410
0.000010 0.000010 0.311351 0.631955 0.056654 0.000010 0.000010
0.000010 0.000010 0.000010 0.741140 0.000010 0.000010 0.258810
0.000010 0.000010 0.000010 0.889567 0.000010 0.000010 0.110383
0.000010 0.000010 0.000010 0.883498 0.000010 0.000010 0.116452
0.000010 0.000010 0.000010 0.767349 0.000010 0.000010 0.232601
0.000010 0.000010 0.266087 0.733863 0.000010 0.000010 0.000010
0.000014 0.000010 0.000010 0.908792 0.000010 0.000010 0.091154
0.000010 0.000010 0.000010 0.842779 0.000010 0.000010 0.157171
0.000010 0.000010 0.000010 0.819104 0.000010 0.000010 0.180846
0.000010 0.000010 0.000010 0.772040 0.000010 0.000010 0.227910
0.000010 0.000010 0.493140 0.506810 0.000010 0.000010 0.000010
0.000010 0.000010 0.492164 0.507786 0.000010 0.000010 0.000010
0.000010 0.000012 0.451401 0.548547 0.000010 0.000010 0.000010
0.000010 0.009485 0.293179 0.313213 0.267785 0.074346 0.041982
0.000010 0.009124 0.270203 0.315107 0.247305 0.101432 0.056818
0.000010 0.000010 0.131740 0.327309 0.531222 0.000010 0.009699
0.000010 0.000010 0.229224 0.370210 0.396186 0.004350 0.000010
0.000011 0.000012 0.000010 0.803268 0.000010 0.000010 0.196679
0.000010 0.000010 0.067792 0.906545 0.000010 0.000010 0.025624
0.000010 0.000010 0.535326 0.464624 0.000010 0.000010 0.000010
0.000010 0.000010 0.528395 0.471555 0.000010 0.000010 0.000010
0.000010 0.009884 0.263257 0.316009 0.267855 0.096551 0.046434
0.000010 0.000010 0.284825 0.344352 0.252813 0.083779 0.034210
0.000010 0.014908 0.297220 0.321217 0.245977 0.091351 0.029317
0.000010 0.003603 0.328955 0.516307 0.151105 0.000010 0.000010
0.000010 0.000010 0.345484 0.630596 0.023880 0.000010 0.000010
0.000010 0.000010 0.000010 0.762140 0.000010 0.000010 0.237810
0.000010 0.000010 0.065051 0.895584 0.000010 0.000010 0.039325
0.000010 0.000010 0.013602 0.945676 0.000010 0.000010 0.040682
0.000010 0.000010 0.526292 0.473658 0.000010 0.000010 0.000010
0.000010 0.013895 0.272119 0.325956 0.261148 0.081608 0.045264
0.000010 0.003913 0.269173 0.329952 0.260470 0.083869 0.052612
0.000010 0.000010 0.302868 0.326672 0.256417 0.065350 0.048672
0.000010 0.000010 0.399625 0.578257 0.022078 0.000010 0.000010
0.000010 0.007941 0.150482 0.210821 0.609959 0.014684 0.006104
0.000010 0.000010 0.539596 0.460354 0.000010 0.000010 0.000010
0.000010 0.000010 0.484599 0.515351 0.000010 0.000010 0.000010
0.000010 0.000010 0.495795 0.504155 0.000010 0.000010 0.000010
0.000010 0.000237 0.289611 0.319246 0.273833 0.083087 0.033976
0.000010 0.004260 0.291495 0.320285 0.268133 0.077240 0.038577
0.000010 0.008893 0.262392 0.335100 0.253412 0.105380 0.034814
0.000261 0.000010 0.282960 0.401229 0.312198 0.000010 0.003331
0.000010 0.000010 0.022984 0.398311 0.284096 0.007896 0.286693
0.000010 0.000010 0.000010 0.763421 0.000010 0.000010 0.236529
0.000010 0.000010 0.003032 0.945494 0.000010 0.000010 0.051434
0.000010 0.000010 0.546234 0.453716 0.000010 0.000010 0.000010
0.000010 0.000010 0.536992 0.462958 0.000010 0.000010 0.000010
0.000393 0.008209 0.304099 0.349689 0.245171 0.068986 0.023453
0.000010 0.003091 0.290345 0.313221 0.276854 0.074630 0.041849
0.000010 0.001855 0.174213 0.343630 0.452888 0.027394 0.000010
0.000010 0.000010 0.328968 0.526815 0.137734 0.006454 0.000010
0.000010 0.000013 0.000010 0.750938 0.000017 0.000010 0.249001
0.000010 0.000010 0.014087 0.949953 0.000010 0.000010 0.035920
0.000010 0.000010 0.591360 0.405342 0.000010 0.000010 0.003258
0.000010 0.011236 0.261655 0.337433 0.290932 0.066047 0.032687
0.000010 0.002981 0.298444 0.320265 0.261183 0.078992 0.038125
0.000010 0.002520 0.300598 0.339322 0.241542 0.083080 0.032929
0.000010 0.007944 0.252489 0.297887 0.311462 0.085179 0.045029
0.000010 0.003229 0.149292 0.375145 0.455661 0.011885 0.004779
0.000010 0.000010 0.368172 0.537343 0.094444 0.000010 0.000010
0.000010 0.002796 0.003835 0.324501 0.409461 0.029683 0.229715
0.000010 0.000010 0.000010 0.854194 0.000010 0.000010 0.145756
0.000010 0.001588 0.026198 0.919967 0.000010 0.000010 0.052217
0.000010 0.000010 0.134534 0.791030 0.000010 0.000010 0.074396
0.000010 0.000010 0.487902 0.512048 0.000010 0.000010 0.000010
0.000010 0.000010 0.501447 0.498503 0.000010 0.000010 0.000010
0.000010 0.003453 0.273002 0.288275 0.328587 0.063375 0.043298
0.000010 0.004025 0.246077 0.319973 0.286188 0.110773 0.032955
0.000010 0.007451 0.288384 0.317855 0.277127 0.061367 0.047807
0.000010 0.000615 0.138257 0.346628 0.508910 0.000010 0.005571
0.000010 0.000010 0.182039 0.351665 0.417963 0.048302 0.000010
0.000010 0.005306 0.022202 0.323806 0.462465 0.017244 0.168968
0.000010 0.000010 0.000010 0.796283 0.000010 0.000010 0.203667
0.000010 0.000010 0.000010 0.955600 0.000010 0.000010 0.044350
0.000010 0.000067 0.148349 0.811491 0.000010 0.000010 0.040063
0.000010 0.007850 0.239998 0.311018 0.315522 0.085966 0.039635
0.000010 0.013044 0.279367 0.328637 0.271496 0.065261 0.042185
0.000010 0.004861 0.127472 0.424452 0.435385 0.000010 0.007809
0.000010 0.009300 0.194161 0.362824 0.432377 0.000010 0.001318
0.000010 0.003918 0.022642 0.217002 0.604242 0.009391 0.142796
0.000010 0.000010 0.000010 0.751633 0.000010 0.000010 0.248317
0.000010 0.000010 0.000630 0.955155 0.000010 0.000010 0.044176
0.009528 0.052613 0.020919 0.049751 0.082433 0.744387 0.040368
0.002943 0.052831 0.013268 0.065786 0.066594 0.770960 0.027619
0.008476 0.048802 0.007647 0.075448 0.062571 0.754722 0.042334
0.003749 0.040843 0.031524 0.050806 0.062898 0.780610 0.029569
0.002656 0.039512 0.023207 0.062158 0.066529 0.771658 0.034279
0.002287 0.048610 0.013169 0.063399 0.059181 0.788993 0.024361
0.001331 0.054399 0.011247 0.053723 0.071408 0.771596 0.036296
0.007717 0.046997 0.030269 0.057376 0.130258 0.679707 0.047676
0.028882 0.060300 0.000010 0.056553 0.072356 0.750704 0.031195
0.006228 0.045434 0.000010 0.066331 0.049324 0.792083 0.040589
0.000010 0.049611 0.011767 0.055269 0.072647 0.768052 0.042643
0.023648 0.053965 0.021351 0.051642 0.082862 0.725285 0.041247
0.009108 0.048406 0.016579 0.059958 0.086323 0.737278 0.042348
0.000010 0.050145 0.015513 0.054103 0.082353 0.765110 0.032766
0.016022 0.050266 0.027836 0.052748 0.030495 0.781727 0.040906
0.000010 0.047885 0.025419 0.059969 0.104543 0.728952 0.033222
0.026610 0.068100 0.033572 0.068172 0.056664 0.707888 0.038994
0.035147 0.052404 0.005247 0.061004 0.085757 0.725277 0.035163
0.000010 0.051018 0.012988 0.060955 0.081202 0.756933 0.036894
0.050064 0.048035 0.011273 0.040893 0.107466 0.709048 0.033221
0.010682 0.048797 0.008686 0.062363 0.087714 0.744057 0.037702
0.000010 0.050403 0.017665 0.057115 0.070638 0.768482 0.035688
0.000010 0.043146 0.004077 0.058334 0.119497 0.744334 0.030602
0.003800 0.066877 0.051989 0.076348 0.047473 0.720469 0.033045
0.002730 0.062423 0.014447 0.081429 0.072814 0.735514 0.030642
0.019161 0.049688 0.009136 0.049837 0.093861 0.751916 0.026402
0.006097 0.039005 0.005573 0.057335 0.088536 0.767934 0.035520
0.004565 0.046910 0.013586 0.054710 0.085451 0.747818 0.046961
0.000010 0.048530 0.047314 0.087628 0.108308 0.679848 0.028362
0.000183 0.050387 0.002366 0.057248 0.087950 0.751985 0.049880
0.003126 0.042927 0.021105 0.045049 0.066130 0.784662 0.037002
0.046548 0.033017 0.005079 0.071130 0.117214 0.700541 0.026471
0.010806 0.034788 0.016768 0.058301 0.073929 0.770474 0.034934
0.000010 0.052052 0.010091 0.061433 0.145099 0.691904 0.039410
0.000010 0.043146 0.000010 0.071004 0.075352 0.777975 0.032504
0.008610 0.041738 0.015753 0.056585 0.078502 0.758679 0.040132
0.020437 0.049958 0.034733 0.073915 0.053124 0.740298 0.027534
0.008802 0.063113 0.034418 0.063522 0.021152 0.776773 0.032220
0.010467 0.050042 0.023312 0.069779 0.086856 0.723773 0.035772
0.014535 0.045124 0.032297 0.061848 0.059070 0.757388 0.029739
0.041541 0.045954 0.030024 0.069320 0.085593 0.700575 0.026993
0.000010 0.009966 0.352337 0.189648 0.151765 0.272290 0.023984
0.001047 0.017107 0.353110 0.202167 0.151165 0.252266 0.023139
0.000010 0.021814 0.342057 0.168753 0.196427 0.253427 0.017512
0.000081 0.024607 0.319079 0.195636 0.154388 0.279596 0.026614
0.001913 0.018774 0.343824 0.151298 0.154293 0.307782 0.022117
0.000010 0.021506 0.341879 0.196400 0.167825 0.245781 0.026599
0.001651 0.016188 0.347300 0.182098 0.158722 0.265707 0.028333
0.002023 0.024878 0.330173 0.179654 0.150058 0.302430 0.010784
0.000010 0.000999 0.333545 0.189583 0.165053 0.294133 0.016677
0.000010 0.016867 0.368651 0.189394 0.140966 0.281402 0.002710
0.000010 0.024706 0.354176 0.183944 0.143983 0.282452 0.010729
0.000010 0.021541 0.324780 0.174379 0.174567 0.279946 0.024776
0.000010 0.018816 0.367090 0.168469 0.154574 0.276704 0.014337
0.005596 0.008521 0.342554 0.200824 0.171375 0.250202 0.020929
0.023877 0.046639 0.003592 0.049820 0.077723 0.759750 0.038599
0.012340 0.036393 0.000010 0.066460 0.076434 0.783048 0.025314
0.056215 0.043639 0.001141 0.062993 0.082328 0.731480 0.022204
0.005365 0.042353 0.005485 0.064517 0.098660 0.755315 0.028305
0.039679 0.042686 0.028147 0.052666 0.074602 0.735214 0.027007
0.021297 0.049671 0.000010 0.052073 0.081667 0.759219 0.036064
0.057274 0.047114 0.023902 0.049848 0.106333 0.674136 0.041391
0.047856 0.029764 0.022642 0.041618 0.111600 0.714501 0.032019
0.028377 0.046280 0.000015 0.058922 0.074153 0.760742 0.031510
0.048850 0.037047 0.016009 0.037177 0.086830 0.731230 0.042857
0.024365 0.040128 0.005203 0.054782 0.113112 0.735892 0.026518
0.039604 0.038233 0.003667 0.064907 0.058011 0.766912 0.028667
0.049520 0.051800 0.003302 0.052206 0.074331 0.732265 0.036576
0.077639 0.037742 0.023276 0.052599 0.085624 0.711324 0.011795
0.033882 0.043300 0.000010 0.056695 0.058265 0.774180 0.033667
0.013821 0.035658 0.001719 0.069229 0.103921 0.750519 0.025132
0.039390 0.038716 0.004170 0.053140 0.071827 0.763326 0.029431
0.002271 0.049122 0.004942 0.050154 0.071740 0.775065 0.046706
0.018834 0.037640 0.011854 0.068420 0.079991 0.754911 0.028349
0.038506 0.036731 0.014120 0.060184 0.057940 0.761406 0.031113
0.008014 0.076265 0.064545 0.074105 0.034219 0.701256 0.041596
0.005505 0.076399 0.067450 0.079533 0.044450 0.689998 0.036666
0.000010 0.073442 0.065919 0.059806 0.089721 0.658002 0.053101
0.000010 0.077656 0.045909 0.073582 0.027055 0.733471 0.042317
0.000010 0.073066 0.064272 0.064985 0.056136 0.692617 0.048915
0.004645 0.083286 0.064400 0.055271 0.064958 0.676339 0.051101
0.004186 0.066248 0.048490 0.070051 0.108737 0.659944 0.042344
0.000651 0.063578 0.052049 0.083730 0.074843 0.682619 0.042531
0.000010 0.075946 0.061229 0.067329 0.070819 0.676351 0.048316
0.000010 0.057432 0.073713 0.063636 0.112653 0.651584 0.040973
0.014149 0.071903 0.062968 0.069165 0.052262 0.678208 0.051344
0.000366 0.078731 0.067413 0.078592 0.018204 0.705631 0.051063
0.000010 0.063862 0.059014 0.079453 0.086571 0.669851 0.041239
0.003775 0.067632 0.048998 0.087121 0.099628 0.646425 0.046421
0.006198 0.064457 0.065192 0.065448 0.086885 0.672915 0.038907
0.007742 0.069840 0.087328 0.073508 0.046859 0.668640 0.046083
0.010308 0.070965 0.063924 0.071436 0.104130 0.633340 0.045898
0.002405 0.070528 0.061894 0.069602 0.060331 0.683907 0.051333
0.000010 0.059531 0.026282 0.076855 0.181542 0.612629 0.043151
0.000736 0.056064 0.064832 0.068928 0.142899 0.622059 0.044482
0.000010 0.050965 0.041303 0.088061 0.180399 0.605602 0.033660
0.000010 0.066510 0.054974 0.065076 0.120320 0.642304 0.050805
0.000010 0.053712 0.042884 0.070925 0.181152 0.607620 0.043696
0.000010 0.056974 0.048362 0.077729 0.150249 0.618391 0.048286
0.003828 0.061364 0.054961 0.081889 0.117185 0.639243 0.041531
0.000095 0.067506 0.051727 0.069928 0.139402 0.618616 0.052726
0.000010 0.066436 0.059583 0.070829 0.090857 0.666738 0.045546
0.000010 0.058119 0.029751 0.072558 0.178637 0.619471 0.041453
0.000010 0.041360 0.028639 0.076854 0.159265 0.654540 0.039332
0.000010 0.058012 0.061052 0.071026 0.142735 0.618963 0.048202
0.000321 0.059515 0.044216 0.095079 0.119171 0.646514 0.035184
0.000010 0.074468 0.049393 0.080882 0.106206 0.646249 0.042792
0.000010 0.047791 0.032674 0.080742 0.174161 0.625079 0.039543
0.000010 0.075354 0.067913 0.085093 0.100147 0.629245 0.042238
0.000010 0.045968 0.040524 0.076902 0.165340 0.627473 0.043782
0.001240 0.056361 0.052469 0.068742 0.150861 0.630669 0.039658
0.000010 0.058895 0.057565 0.065215 0.135466 0.625371 0.057478
0.000010 0.052174 0.000804 0.107541 0.071282 0.723517 0.044672
0.000010 0.056110 0.010316 0.082244 0.078626 0.717056 0.055638
0.000010 0.057086 0.020130 0.093494 0.099491 0.692377 0.037412
0.000010 0.054753 0.003400 0.096584 0.103357 0.699672 0.042224
0.000010 0.054267 0.005092 0.093473 0.060883 0.730785 0.055490
0.000010 0.061263 0.010473 0.080760 0.068178 0.720503 0.058813
0.000010 0.058599 0.025138 0.075763 0.082299 0.701951 0.056241
0.000010 0.059806 0.014718 0.094148 0.092619 0.698413 0.040287
0.000010 0.059737 0.016323 0.089759 0.102564 0.683679 0.047928
0.000010 0.053687 0.015980 0.080937 0.114937 0.676277 0.058171
0.000010 0.053930 0.019878 0.097963 0.093890 0.688348 0.045981
0.000010 0.059238 0.014149 0.084192 0.049891 0.737180 0.055339
0.000010 0.056832 0.032180 0.067449 0.106225 0.688120 0.049184
0.000010 0.053286 0.017123 0.087450 0.067858 0.730449 0.043824
0.000010 0.051965 0.011471 0.075627 0.077423 0.727924 0.055581
0.000010 0.049789 0.000010 0.092569 0.067215 0.731993 0.058414
0.000010 0.059582 0.014016 0.099490 0.067156 0.715155 0.044592
0.000010 0.062518 0.014726 0.081354 0.085124 0.703316 0.052952
0.001990 0.068199 0.139907 0.094262 0.087379 0.564541 0.043722
0.000010 0.058845 0.110750 0.096988 0.121122 0.567372 0.044913
0.004129 0.067366 0.111108 0.102300 0.092629 0.574014 0.048453
0.000010 0.060010 0.138941 0.088652 0.083116 0.592940 0.036331
0.001228 0.055808 0.120955 0.083262 0.077450 0.610183 0.051112
0.000010 0.062077 0.121613 0.088862 0.109141 0.572925 0.045372
0.000010 0.064935 0.127232 0.073514 0.070072 0.608341 0.055896
0.000010 0.063130 0.112987 0.095585 0.107183 0.582665 0.038438
0.001247 0.066172 0.118334 0.103273 0.112203 0.551165 0.047607
0.000010 0.062077 0.125974 0.095378 0.083296 0.587429 0.045835
0.000010 0.060887 0.127038 0.080859 0.108469 0.564568 0.058170
0.000010 0.065143 0.118738 0.080110 0.062799 0.630528 0.042673
0.000010 0.058777 0.124155 0.083783 0.095493 0.589473 0.048310
0.000010 0.052726 0.126849 0.089232 0.115572 0.566139 0.049471
0.000010 0.066877 0.141105 0.089983 0.087608 0.570821 0.043594
0.000010 0.064349 0.114142 0.094350 0.110059 0.569512 0.047578
0.000570 0.063141 0.115866 0.088742 0.095284 0.581681 0.054716
0.000010 0.054822 0.126948 0.096571 0.099185 0.580884 0.041580
0.000010 0.054736 0.117319 0.092172 0.130570 0.570180 0.035011
0.000010 0.061907 0.102904 0.087969 0.106809 0.591279 0.049121
0.000010 0.055746 0.120530 0.087282 0.095456 0.591502 0.049474
0.000010 0.061200 0.091262 0.109373 0.072635 0.617004 0.048517
0.000010 0.059325 0.120467 0.081618 0.094319 0.588138 0.056122
0.999940 0.000010 0.000010 0.000010 0.000010 0.000010 0.000010
0.999940 0.000010 0.000010 0.000010 0.000010 0.000010 0.000010
0.999940 0.000010 0.000010 0.000010 0.000010 0.000010 0.000010
0.999940 0.000010 0.000010 0.000010 0.000010 0.000010 0.000010
0.999940 0.000010 0.000010 0.000010 0.000010 0.000010 0.000010
0.999940 0.000010 0.000010 0.000010 0.000010 0.000010 0.000010
0.999940 0.000010 0.000010 0.000010 0.000010 0.000010 0.000010
0.999940 0.000010 0.000010 0.000010 0.000010 0.000010 0.000010
0.999940 0.000010 0.000010 0.000010 0.000010 0.000010 0.000010
0.999940 0.000010 0.000010 0.000010 0.000010 0.000010 0.000010
0.999940 0.000010 0.000010 0.000010 0.000010 0.000010 0.000010
0.999940 0.000010 0.000010 0.000010 0.000010 0.000010 0.000010
0.999940 0.000010 0.000010 0.000010 0.000010 0.000010 0.000010
0.999940 0.000010 0.000010 0.000010 0.000010 0.000010 0.000010
0.999940 0.000010 0.000010 0.000010 0.000010 0.000010 0.000010
0.999940 0.000010 0.000010 0.000010 0.000010 0.000010 0.000010
0.999940 0.000010 0.000010 0.000010 0.000010 0.000010 0.000010
0.999940 0.000010 0.000010 0.000010 0.000010 0.000010 0.000010
0.999940 0.000010 0.000010 0.000010 0.000010 0.000010 0.000010
0.999937 0.000010 0.000010 0.000013 0.000010 0.000010 0.000010
0.999940 0.000010 0.000010 0.000010 0.000010 0.000010 0.000010
0.999940 0.000010 0.000010 0.000010 0.000010 0.000010 0.000010
0.000010 0.001695 0.000010 0.006417 0.881689 0.093960 0.016219
0.002069 0.005346 0.000010 0.007478 0.850680 0.121200 0.013218
0.006588 0.003629 0.000010 0.010468 0.850419 0.113912 0.014973
0.000791 0.008145 0.000010 0.016285 0.868674 0.091289 0.014806
0.003342 0.000010 0.000010 0.008682 0.895500 0.080914 0.011542
0.000010 0.004194 0.000010 0.008505 0.834336 0.140562 0.012382
0.005675 0.000609 0.000010 0.014877 0.870480 0.097108 0.011241
0.000430 0.009428 0.000010 0.012023 0.895387 0.082712 0.000010
0.001710 0.010583 0.000010 0.007703 0.900974 0.064212 0.014809
0.000010 0.000010 0.004529 0.000010 0.880069 0.102157 0.013215
0.000010 0.001031 0.000329 0.015474 0.893063 0.075261 0.014831
0.004890 0.000010 0.003920 0.000010 0.873227 0.105466 0.012477
0.008861 0.000010 0.001206 0.002957 0.870974 0.094020 0.021973
0.000010 0.006256 0.000010 0.011456 0.874311 0.096875 0.011082
0.002932 0.008647 0.000010 0.016903 0.864645 0.097797 0.009065
0.005649 0.012704 0.002127 0.002090 0.866875 0.097791 0.012764
0.005225 0.007452 0.002388 0.008903 0.852349 0.111951 0.011733
0.005006 0.003148 0.001859 0.005601 0.926946 0.054242 0.003197
0.000010 0.002867 0.000010 0.017024 0.888339 0.073644 0.018106
0.005401 0.003865 0.010155 0.002918 0.889767 0.074897 0.012998
0.000010 0.000010 0.000010 0.013928 0.885550 0.087515 0.012978
0.010410 0.007056 0.016908 0.000588 0.839811 0.125217 0.000010
0.003033 0.005355 0.000010 0.000010 0.876368 0.098980 0.016245
0.003070 0.003238 0.000010 0.001755 0.877065 0.105012 0.009850
0.008077 0.004579 0.004300 0.011738 0.883425 0.085501 0.002380
0.000010 0.999940 0.000010 0.000010 0.000010 0.000010 0.000010
0.000010 0.999935 0.000015 0.000010 0.000010 0.000010 0.000010
0.000010 0.999940 0.000010 0.000010 0.000010 0.000010 0.000010
0.000010 0.999940 0.000010 0.000010 0.000010 0.000010 0.000010
0.000010 0.999932 0.000018 0.000010 0.000010 0.000010 0.000010
0.000010 0.999933 0.000010 0.000010 0.000017 0.000010 0.000010
0.000010 0.999940 0.000010 0.000010 0.000010 0.000010 0.000010
0.000010 0.999940 0.000010 0.000010 0.000010 0.000010 0.000010
0.000010 0.999940 0.000010 0.000010 0.000010 0.000010 0.000010
0.000010 0.999940 0.000010 0.000010 0.000010 0.000010 0.000010
0.000010 0.999940 0.000010 0.000010 0.000010 0.000010 0.000010
0.000010 0.999940 0.000010 0.000010 0.000010 0.000010 0.000010
0.000010 0.999940 0.000010 0.000010 0.000010 0.000010 0.000010
0.000010 0.999940 0.000010 0.000010 0.000010 0.000010 0.000010
0.020153 0.002926 0.000010 0.000010 0.389491 0.587401 0.000010
0.022864 0.000010 0.000010 0.000010 0.371051 0.606045 0.000010
0.026981 0.000714 0.000703 0.006714 0.408963 0.555916 0.000010
0.016253 0.008919 0.000010 0.000010 0.363538 0.611259 0.000010
0.030207 0.000553 0.000010 0.000010 0.396707 0.566336 0.006177
0.024336 0.003272 0.000010 0.002790 0.391615 0.577967 0.000010
0.030418 0.005737 0.000010 0.000010 0.388615 0.575201 0.000010
0.023078 0.000010 0.000010 0.000010 0.375805 0.601077 0.000010
0.033011 0.000010 0.000010 0.000010 0.376270 0.590679 0.000010
0.028342 0.000016 0.012188 0.001102 0.393555 0.564788 0.000010
0.030527 0.002991 0.000010 0.000010 0.367837 0.598616 0.000010
0.017025 0.000011 0.000010 0.008722 0.347966 0.621325 0.004941
0.029907 0.000010 0.000159 0.000010 0.411449 0.554879 0.003586
0.016898 0.001962 0.000010 0.006245 0.389040 0.585159 0.000685
0.030620 0.002556 0.000010 0.000010 0.349219 0.617575 0.000010
0.031867 0.000010 0.000010 0.006084 0.389718 0.567553 0.004757
0.020479 0.000010 0.000010 0.000010 0.349015 0.625012 0.005464
0.024534 0.003375 0.000010 0.000010 0.390516 0.578940 0.002614
0.031591 0.005221 0.001142 0.001177 0.378522 0.575071 0.007276
0.030876 0.002581 0.008306 0.000010 0.391227 0.566990 0.000010
0.024817 0.002179 0.000010 0.000010 0.410443 0.561740 0.000801
0.030883 0.009213 0.000010 0.000010 0.400995 0.558289 0.000600
0.035477 0.000010 0.000010 0.000010 0.397553 0.558424 0.008516
0.021161 0.000010 0.000010 0.004927 0.365884 0.607998 0.000010
0.032873 0.000010 0.000010 0.002872 0.390642 0.568519 0.005075
0.033337 0.000010 0.001167 0.000010 0.398513 0.566952 0.000010
0.025201 0.004153 0.000010 0.000010 0.423916 0.546359 0.000350
0.032991 0.009602 0.000010 0.000010 0.346411 0.610966 0.000010
0.026264 0.003657 0.000010 0.000010 0.394558 0.570336 0.005165
0.028969 0.000010 0.005236 0.000010 0.395265 0.570500 0.000010
0.020708 0.006368 0.000010 0.000010 0.379890 0.587568 0.005446
0.019057 0.003158 0.000010 0.000010 0.405964 0.566021 0.005778
0.038305 0.000228 0.000010 0.000010 0.385476 0.574035 0.001936
0.015828 0.003414 0.002725 0.000354 0.395425 0.579862 0.002392
0.022862 0.007766 0.000854 0.000010 0.396063 0.572435 0.000010
0.025602 0.004920 0.000010 0.000010 0.379739 0.589710 0.000010
0.025112 0.001672 0.004927 0.000015 0.422832 0.545431 0.000010
0.019153 0.000010 0.000019 0.000010 0.372491 0.608308 0.000010
0.032352 0.004629 0.000010 0.000010 0.411982 0.548313 0.002704
0.090908 0.000010 0.000010 0.000010 0.236688 0.672364 0.000010
0.074977 0.000010 0.000010 0.000010 0.312169 0.612814 0.000010
0.119552 0.000010 0.003839 0.000010 0.353584 0.517303 0.005701
0.072512 0.000010 0.000010 0.000010 0.248940 0.678509 0.000010
0.178125 0.000010 0.001713 0.000010 0.348207 0.471926 0.000010
0.058330 0.000010 0.000010 0.000010 0.229203 0.712428 0.000010
0.094658 0.000328 0.002594 0.000010 0.327561 0.564554 0.010295
0.101548 0.002838 0.001077 0.000010 0.324687 0.569830 0.000010
0.080260 0.001552 0.000010 0.001523 0.329508 0.577042 0.010106
0.067113 0.000010 0.000010 0.000010 0.280382 0.652465 0.000010
0.065085 0.000010 0.000010 0.000010 0.256990 0.677885 0.000010
0.092924 0.000010 0.000010 0.000010 0.365905 0.541131 0.000010
0.141670 0.000010 0.004421 0.000010 0.324840 0.529038 0.000010
0.097845 0.000010 0.002648 0.001693 0.339234 0.558560 0.000010
0.081628 0.000010 0.000010 0.000010 0.250403 0.667929 0.000010
0.089461 0.000010 0.000010 0.000010 0.269050 0.641449 0.000010
0.084833 0.000010 0.007612 0.000010 0.341026 0.561600 0.004909
0.087256 0.004324 0.000010 0.004846 0.332925 0.565167 0.005472
0.095497 0.002468 0.000010 0.009389 0.331372 0.561253 0.000010
0.103172 0.008857 0.000010 0.000010 0.370199 0.517743 0.000010
0.073694 0.000010 0.000010 0.000010 0.232477 0.693789 0.000010
0.063971 0.000010 0.000010 0.000010 0.233961 0.702028 0.000010
0.157964 0.000010 0.002522 0.000010 0.323213 0.516272 0.000010
0.141653 0.000010 0.000010 0.003746 0.349270 0.505301 0.000010
0.117004 0.002589 0.000789 0.000010 0.358303 0.515724 0.005580
0.078833 0.000010 0.000010 0.000010 0.292501 0.628626 0.000010
0.105829 0.001774 0.005984 0.000010 0.334041 0.552352 0.000010
0.149347 0.000010 0.000010 0.000010 0.357614 0.492998 0.000010
0.086886 0.000010 0.000010 0.000010 0.336335 0.576739 0.000010
0.158040 0.000010 0.003656 0.000010 0.338372 0.497802 0.002110
0.075602 0.000010 0.000010 0.000010 0.270119 0.654239 0.000010
0.083643 0.003929 0.000010 0.000010 0.328063 0.584336 0.000010
0.061128 0.000010 0.000010 0.000010 0.282787 0.656046 0.000010
0.084251 0.006803 0.003622 0.000010 0.355592 0.549712 0.000010
0.118649 0.000010 0.007317 0.000010 0.341840 0.532164 0.000010
0.182259 0.000010 0.000010 0.000010 0.322534 0.495168 0.000010
0.092417 0.000010 0.006385 0.000010 0.344388 0.556779 0.000010
0.076641 0.000010 0.000010 0.000010 0.285541 0.637778 0.000010
0.060806 0.000010 0.000010 0.000010 0.248720 0.690435 0.000010
0.070501 0.000010 0.000010 0.000010 0.286817 0.642642 0.000010
0.080206 0.000010 0.000010 0.000010 0.286126 0.633628 0.000010
0.063107 0.000010 0.000010 0.000010 0.246779 0.690074 0.000010
0.065012 0.002686 0.000010 0.014723 0.348402 0.567333 0.001835
0.000010 0.803157 0.196793 0.000010 0.000010 0.000010 0.000010
0.000010 0.802670 0.197280 0.000010 0.000010 0.000010 0.000010
0.000010 0.806520 0.193430 0.000010 0.000010 0.000010 0.000010
0.000010 0.801296 0.198654 0.000010 0.000010 0.000010 0.000010
0.000010 0.774119 0.225831 0.000010 0.000010 0.000010 0.000010
0.000010 0.820144 0.179806 0.000010 0.000010 0.000010 0.000010
0.000010 0.804166 0.195784 0.000010 0.000010 0.000010 0.000010
0.003761 0.000010 0.000010 0.000010 0.843951 0.152248 0.000010
0.009283 0.000010 0.000010 0.000010 0.861069 0.129608 0.000010
0.011346 0.000010 0.000010 0.000010 0.846573 0.142041 0.000010
0.008067 0.000010 0.000010 0.000010 0.865140 0.126753 0.000010
0.011136 0.000010 0.000010 0.000010 0.854327 0.134497 0.000010
0.003892 0.000010 0.000010 0.000010 0.863120 0.132948 0.000010
0.003301 0.000010 0.000010 0.000010 0.833087 0.163572 0.000010
0.012246 0.000010 0.000010 0.000010 0.839440 0.148275 0.000010
0.009076 0.000010 0.000010 0.000010 0.875496 0.115388 0.000010
0.064929 0.005817 0.000010 0.001281 0.371054 0.554008 0.002902
0.071036 0.002252 0.000010 0.002699 0.355982 0.568010 0.000010
0.071412 0.002647 0.000010 0.000010 0.357149 0.567858 0.000914
0.062252 0.001432 0.000010 0.000010 0.360527 0.575759 0.000010
0.107842 0.005115 0.005006 0.000012 0.317598 0.564417 0.000010
0.087516 0.001437 0.005498 0.009081 0.327414 0.569043 0.000010
0.077881 0.011467 0.001408 0.000010 0.361880 0.547344 0.000010
0.116286 0.000010 0.000814 0.000010 0.335876 0.546993 0.000010
0.104295 0.000010 0.003227 0.005391 0.363595 0.523472 0.000010
0.058168 0.000010 0.000010 0.003384 0.352624 0.585794 0.000010
0.068770 0.006574 0.001934 0.000010 0.375635 0.547067 0.000010
0.069459 0.001049 0.000010 0.001296 0.365459 0.562717 0.000010
0.065060 0.005506 0.000010 0.000298 0.356236 0.570530 0.002359
0.086751 0.000010 0.003714 0.000010 0.356894 0.550065 0.002555
0.075309 0.000010 0.000994 0.000010 0.356535 0.567132 0.000010
0.074329 0.000010 0.000010 0.006562 0.379458 0.537478 0.002153
0.064353 0.000010 0.002390 0.000010 0.363708 0.569520 0.000010
0.089422 0.000010 0.000019 0.000010 0.380325 0.530203 0.000010
0.083646 0.000010 0.000010 0.000794 0.375215 0.540315 0.000010
0.101356 0.000010 0.005760 0.000010 0.368327 0.524528 0.000010
0.060505 0.000010 0.000010 0.000010 0.280752 0.658704 0.000010
0.000010 0.000015 0.000010 0.000010 0.000010 0.000010 0.999935
0.000010 0.000010 0.000010 0.000010 0.000010 0.000010 0.999940
0.000010 0.000010 0.000010 0.000010 0.000010 0.000010 0.999940
0.005378 0.055667 0.823281 0.000010 0.000091 0.106510 0.009063
0.001285 0.040403 0.879200 0.000013 0.000010 0.067910 0.011178
0.002474 0.061709 0.799223 0.000010 0.000010 0.119585 0.016988
0.014213 0.041889 0.868004 0.004289 0.000550 0.053820 0.017235
0.016627 0.062213 0.828936 0.000010 0.000010 0.082739 0.009465
0.005205 0.044888 0.865996 0.003360 0.003374 0.067873 0.009304
0.003266 0.061188 0.831387 0.000010 0.000010 0.099707 0.004432
0.007801 0.068699 0.814646 0.000010 0.000010 0.100885 0.007949
0.080256 0.000010 0.005994 0.000010 0.383095 0.530624 0.000010
0.081487 0.004384 0.000010 0.000010 0.337450 0.576649 0.000010
0.066849 0.002764 0.002751 0.000010 0.362956 0.564405 0.000264
0.086357 0.000010 0.000010 0.000010 0.340776 0.568681 0.004156
0.069600 0.000016 0.000010 0.000010 0.373366 0.556989 0.000010
0.083830 0.000010 0.004163 0.000010 0.362478 0.546742 0.002768
0.067353 0.000091 0.005599 0.000010 0.376545 0.550391 0.000010
0.116628 0.003902 0.000010 0.000010 0.346805 0.532635 0.000010
0.067775 0.002539 0.000010 0.000010 0.359485 0.570171 0.000010
0.069890 0.000133 0.002571 0.000010 0.362089 0.563932 0.001374
0.079807 0.000010 0.000010 0.006479 0.367118 0.546566 0.000010
0.075032 0.002387 0.001098 0.000010 0.366191 0.555271 0.000010
0.066703 0.000010 0.003232 0.000010 0.371959 0.557984 0.000101
0.070568 0.003329 0.000010 0.000010 0.356414 0.569659 0.000010
0.107264 0.001857 0.000010 0.005221 0.334094 0.551544 0.000010
0.062367 0.000010 0.000010 0.003672 0.364148 0.569622 0.000172
0.091023 0.003120 0.002979 0.000010 0.379720 0.523139 0.000010
0.072460 0.002684 0.011470 0.000010 0.381043 0.530175 0.002157
0.000010 0.001455 0.859722 0.138782 0.000010 0.000010 0.000010
0.000010 0.000010 0.879468 0.120482 0.000010 0.000010 0.000010
0.000010 0.000010 0.856159 0.143791 0.000010 0.000010 0.000010
0.000010 0.000010 0.856082 0.143868 0.000010 0.000010 0.000010
0.000010 0.004804 0.869327 0.124680 0.000010 0.000010 0.001159
0.000010 0.000496 0.866720 0.132745 0.000010 0.000010 0.000010
0.000010 0.000010 0.852225 0.144528 0.000010 0.000010 0.003208
0.000010 0.001188 0.855354 0.143417 0.000010 0.000010 0.000010
0.000010 0.000010 0.862981 0.131352 0.000010 0.000010 0.005627
0.000010 0.004892 0.844526 0.148394 0.000010 0.000010 0.002158
0.000010 0.001225 0.860046 0.138689 0.000010 0.000010 0.000010
0.000010 0.000010 0.858398 0.141552 0.000010 0.000010 0.000010
0.000010 0.000010 0.870094 0.129856 0.000010 0.000010 0.000010
0.000010 0.000010 0.860431 0.139519 0.000010 0.000010 0.000010
0.003869 0.003800 0.846158 0.137938 0.000010 0.003026 0.005199
0.000010 0.008914 0.845534 0.145265 0.000010 0.000010 0.000257
0.000010 0.000010 0.859083 0.140867 0.000010 0.000010 0.000010
0.000010 0.000010 0.863711 0.136239 0.000010 0.000010 0.000010
0.000019 0.007283 0.859631 0.133038 0.000010 0.000010 0.000010
0.000010 0.002130 0.859805 0.138025 0.000010 0.000010 0.000010
0.000010 0.003782 0.849085 0.141348 0.000010 0.000010 0.005756
0.000010 0.000010 0.856298 0.143652 0.000010 0.000010 0.000010
0.000010 0.000010 0.870584 0.128120 0.000010 0.000010 0.001257
0.000010 0.000010 0.864007 0.135943 0.000010 0.000010 0.000010
0.000010 0.007859 0.860849 0.126151 0.000010 0.000010 0.005111
0.000010 0.006760 0.860262 0.132938 0.000010 0.000010 0.000010
0.000010 0.000010 0.968396 0.028183 0.000010 0.000010 0.003381
0.000010 0.000010 0.952422 0.047528 0.000010 0.000010 0.000010
0.000010 0.003374 0.985287 0.011299 0.000010 0.000010 0.000010
0.000010 0.000010 0.894067 0.088482 0.002365 0.006136 0.008930
0.000010 0.000011 0.931763 0.066759 0.000010 0.000010 0.001438
0.000010 0.000010 0.957346 0.036301 0.000010 0.000010 0.006313
0.000010 0.009567 0.974530 0.015863 0.000010 0.000010 0.000010
0.000010 0.005460 0.927602 0.064247 0.000010 0.000010 0.002661
0.000010 0.000010 0.918327 0.081623 0.000010 0.000010 0.000010
0.000010 0.003755 0.950273 0.045925 0.000017 0.000010 0.000010
0.000010 0.006258 0.992582 0.001120 0.000010 0.000010 0.000010
0.000010 0.000010 0.961864 0.038086 0.000010 0.000010 0.000010
0.000010 0.828383 0.171567 0.000010 0.000010 0.000010 0.000010
0.000010 0.819082 0.180868 0.000010 0.000010 0.000010 0.000010
0.000010 0.003306 0.848342 0.148312 0.000010 0.000010 0.000010
0.000010 0.000010 0.853674 0.146276 0.000010 0.000010 0.000010
0.000010 0.006783 0.000010 0.005693 0.904012 0.050865 0.032627
0.000010 0.008110 0.000010 0.014969 0.892488 0.058559 0.025854
0.000010 0.003641 0.000010 0.014149 0.913916 0.043499 0.024775
0.000010 0.002673 0.000010 0.010736 0.883495 0.084585 0.018491
0.000010 0.004906 0.000010 0.012583 0.920899 0.037592 0.024000
0.000010 0.003211 0.000010 0.009162 0.911059 0.050398 0.026149
0.000010 0.005050 0.000010 0.018123 0.919080 0.039979 0.017748
0.000010 0.000780 0.000010 0.008588 0.886152 0.078117 0.026343
0.000010 0.002576 0.000010 0.018061 0.911545 0.054652 0.013146
0.000010 0.000010 0.000010 0.011887 0.922501 0.054411 0.011170
0.000010 0.018153 0.000010 0.013884 0.923047 0.039808 0.005089
0.000010 0.005894 0.000010 0.013031 0.930531 0.026141 0.024383
0.000010 0.005760 0.000010 0.013324 0.920893 0.049263 0.010741
0.000010 0.000010 0.967643 0.032307 0.000010 0.000010 0.000010
0.000010 0.010705 0.975237 0.014017 0.000010 0.000010 0.000010
0.000010 0.000010 0.971471 0.028479 0.000010 0.000010 0.000010
0.000010 0.000010 0.918986 0.079413 0.000010 0.000010 0.001561
0.000010 0.000010 0.941154 0.058796 0.000010 0.000010 0.000010
0.000010 0.008305 0.975075 0.011382 0.000010 0.000010 0.005208
0.000010 0.000010 0.958365 0.041585 0.000010 0.000010 0.000010
0.000010 0.005965 0.992275 0.001720 0.000010 0.000010 0.000010
0.000010 0.008720 0.973009 0.018231 0.000010 0.000010 0.000010
0.000010 0.012398 0.979169 0.008392 0.000010 0.000010 0.000010
0.000010 0.000010 0.957515 0.042435 0.000010 0.000010 0.000010
0.000010 0.000011 0.864463 0.135486 0.000010 0.000010 0.000010
0.000010 0.000010 0.000010 0.000010 0.000010 0.000010 0.999940
0.000010 0.000010 0.000014 0.000010 0.000010 0.000010 0.999936
0.000010 0.000016 0.000010 0.000010 0.000010 0.000010 0.999934
0.000010 0.000010 0.000010 0.000010 0.000010 0.000010 0.999940
0.000010 0.000010 0.000010 0.000010 0.000010 0.000010 0.999940
0.000010 0.000010 0.000010 0.000010 0.000010 0.000010 0.999940
0.000010 0.000010 0.000010 0.000010 0.000010 0.000010 0.999940
0.000010 0.000010 0.000010 0.000010 0.000010 0.000010 0.999940
0.012285 0.000806 0.003830 0.034162 0.069419 0.002938 0.876560
0.000010 0.000010 0.015235 0.035209 0.002383 0.000010 0.947143
0.000010 0.000010 0.008583 0.027962 0.047463 0.002361 0.913611
0.000010 0.001566 0.004947 0.025891 0.000010 0.000010 0.967566
0.000010 0.000010 0.012655 0.013918 0.053810 0.004209 0.915389
0.017038 0.000010 0.010225 0.010282 0.028311 0.018874 0.915260
0.031071 0.002739 0.008422 0.021894 0.118310 0.030133 0.787431
0.008096 0.000010 0.013819 0.015318 0.086636 0.007240 0.868879
0.055247 0.000010 0.008181 0.026922 0.035073 0.010281 0.864285
0.000010 0.000010 0.004141 0.030112 0.034720 0.017295 0.913712
0.014487 0.000010 0.015482 0.004623 0.019743 0.007899 0.937757
0.032300 0.000010 0.005677 0.014161 0.094158 0.025798 0.827896
0.019490 0.000010 0.014484 0.013299 0.131326 0.031649 0.789741
0.000010 0.003187 0.006590 0.019486 0.058899 0.000010 0.911818
0.009214 0.003022 0.003716 0.025857 0.050699 0.000010 0.907482
0.000010 0.004466 0.006133 0.020629 0.014599 0.012683 0.941480
0.037748 0.003750 0.006652 0.023323 0.042842 0.012650 0.873035
0.010059 0.000010 0.008145 0.023978 0.109104 0.003705 0.845000
0.000010 0.012698 0.000010 0.104680 0.842212 0.016468 0.023923
0.000010 0.009185 0.002003 0.094733 0.830764 0.043865 0.019441
0.000010 0.010666 0.014597 0.100862 0.834703 0.012792 0.026371
0.000010 0.001838 0.007546 0.108594 0.855672 0.000010 0.026331
0.000010 0.007727 0.000010 0.083208 0.858893 0.031188 0.018964
0.000760 0.005455 0.010342 0.088392 0.842308 0.027484 0.025259
0.000010 0.006751 0.007994 0.088420 0.843349 0.035050 0.018426
0.000010 0.009991 0.006547 0.085443 0.855174 0.015324 0.027511
0.000010 0.004654 0.003618 0.094908 0.857593 0.003351 0.035867
0.000010 0.007823 0.021867 0.087794 0.841059 0.018560 0.022887
0.000010 0.014523 0.020557 0.084959 0.857190 0.000010 0.022751
0.000010 0.004106 0.020520 0.101316 0.822913 0.026446 0.024690
0.000010 0.003184 0.014950 0.095999 0.811081 0.039307 0.035468
0.001257 0.007764 0.017266 0.110246 0.834922 0.000010 0.028534
0.000010 0.006170 0.013548 0.104877 0.814220 0.037128 0.024048
0.000010 0.012933 0.003111 0.095061 0.831524 0.023578 0.033784
0.000010 0.008987 0.019631 0.110746 0.826315 0.012897 0.021414
0.000010 0.010741 0.017530 0.076573 0.842263 0.021109 0.031774
0.000010 0.014662 0.000010 0.075356 0.859056 0.028334 0.022574
0.000010 0.000010 0.018794 0.096687 0.845116 0.015143 0.024240
0.000010 0.002685 0.018223 0.085745 0.835676 0.035269 0.022392
0.000010 0.001767 0.021266 0.090860 0.848140 0.020602 0.017355
0.990792 0.000010 0.000011 0.000010 0.000010 0.007961 0.001207
0.973448 0.004374 0.000010 0.000010 0.000010 0.022137 0.000010
0.975680 0.000010 0.000010 0.000010 0.000010 0.024270 0.000010
0.983159 0.004477 0.000010 0.000010 0.000010 0.012324 0.000010
0.982924 0.000010 0.000010 0.000010 0.000010 0.017026 0.000010
0.980414 0.000874 0.000010 0.000010 0.000216 0.018466 0.000010
0.976308 0.000010 0.000010 0.000010 0.000010 0.023642 0.000010
0.981797 0.000010 0.000010 0.000010 0.000010 0.018153 0.000010
0.979554 0.000010 0.000010 0.000010 0.009256 0.011150 0.000010
0.966045 0.000010 0.000010 0.000010 0.007645 0.021715 0.004565
0.969201 0.000010 0.000010 0.000838 0.006971 0.017762 0.005207
0.999940 0.000010 0.000010 0.000010 0.000010 0.000010 0.000010
0.999940 0.000010 0.000010 0.000010 0.000010 0.000010 0.000010
0.999700 0.000010 0.000010 0.000010 0.000010 0.000250 0.000010
0.999939 0.000011 0.000010 0.000010 0.000010 0.000010 0.000010
0.999940 0.000010 0.000010 0.000010 0.000010 0.000010 0.000010
0.999937 0.000010 0.000012 0.000011 0.000010 0.000010 0.000010
0.997894 0.000010 0.000010 0.000013 0.000010 0.001314 0.000750
0.988229 0.000010 0.005223 0.001881 0.000087 0.000010 0.004560
0.999940 0.000010 0.000010 0.000010 0.000010 0.000010 0.000010
0.999937 0.000010 0.000010 0.000013 0.000010 0.000010 0.000010
0.999940 0.000010 0.000010 0.000010 0.000010 0.000010 0.000010
0.999940 0.000010 0.000010 0.000010 0.000010 0.000010 0.000010
0.999940 0.000010 0.000010 0.000010 0.000010 0.000010 0.000010
0.999937 0.000010 0.000010 0.000010 0.000013 0.000010 0.000010
0.999940 0.000010 0.000010 0.000010 0.000010 0.000010 0.000010
0.998340 0.001610 0.000010 0.000010 0.000010 0.000010 0.000010
0.999940 0.000010 0.000010 0.000010 0.000010 0.000010 0.000010
0.999940 0.000010 0.000010 0.000010 0.000010 0.000010 0.000010
0.999940 0.000010 0.000010 0.000010 0.000010 0.000010 0.000010
0.999940 0.000010 0.000010 0.000010 0.000010 0.000010 0.000010
0.999940 0.000010 0.000010 0.000010 0.000010 0.000010 0.000010
0.000010 0.000010 0.448154 0.471280 0.066100 0.014436 0.000010
0.000010 0.000010 0.434447 0.486999 0.053035 0.025490 0.000010
0.000010 0.000010 0.420938 0.472213 0.093152 0.013667 0.000010
0.000010 0.003601 0.394052 0.463527 0.117071 0.021728 0.000010
0.000010 0.000010 0.393235 0.447141 0.139996 0.019598 0.000010
0.000010 0.000010 0.430717 0.492021 0.063454 0.011428 0.002360
0.000010 0.000010 0.435216 0.468736 0.090883 0.005135 0.000010
0.000010 0.000010 0.457048 0.458952 0.051873 0.032097 0.000010
0.000010 0.000010 0.420990 0.496952 0.067931 0.014097 0.000010
0.000010 0.000010 0.439677 0.478103 0.050517 0.031672 0.000010
0.001769 0.003070 0.412184 0.457160 0.110398 0.015408 0.000010
0.000010 0.000017 0.418371 0.520478 0.044231 0.016883 0.000010
0.000620 0.000177 0.436706 0.472535 0.067314 0.022639 0.000010
0.000010 0.000010 0.424076 0.505688 0.051367 0.018840 0.000010
0.000010 0.000010 0.452073 0.470174 0.064626 0.013097 0.000010
0.000010 0.000010 0.415668 0.474156 0.083095 0.027052 0.000010
0.000010 0.000010 0.439480 0.479477 0.046910 0.034103 0.000010
0.000010 0.000010 0.416417 0.467719 0.109482 0.006230 0.000132
0.000010 0.000010 0.435441 0.477839 0.075157 0.011534 0.000010
